HOST: alix                                      Loss%   Snt   Last   Avg  Best  Wrst StDev
  1. fritz.box                                  0.0%  1000    0.9   0.7   0.7   1.3   0.1
  2. 2003:0:1801:c201::1                        0.0%  1000   21.5  21.3  20.7  24.0   0.4
  3. 2003:0:1801:c218::2                        0.4%  1000   26.6  24.7  22.3  46.4   1.6
  4. 2003:0:1306:c000::1                        0.0%  1000   28.0  29.6  26.9  94.2   8.4
  5. 2003:0:1306:c008::2                       72.6%  1000   92.7  65.3  41.9 102.7  12.1
  6. ce-0-4-0-0.r03.frnkge03.de.ce.gin.ntt.net  0.2%  1000  114.8  92.6  66.8 131.5  12.8
  7. core4.hetzner.de                           0.9%  1000  112.2  91.6  67.6 131.6  12.5
  8. core22.hetzner.de                          0.1%  1000  115.3  95.0  71.4 135.7  12.6
  9. juniper3.rz12.hetzner.de                   0.1%  1000  113.6  95.0  71.1 150.8  12.8
 10. hos-tr2.ms-ex3k2.rz13.hetzner.de           0.3%  1000  112.7  95.7  69.1 138.9  12.7
 11. ???                                       100.0  1000    0.0   0.0   0.0   0.0   0.0
 12. h2t.preissler.me                           0.9%  1000  116.7  93.8  67.3 135.3  12.5
