HOST: alix                                      Loss%   Snt   Last   Avg  Best  Wrst StDev
  1. fritz.box                                  0.0%  1000    0.8   0.7   0.7   1.7   0.1
  2. 2003:0:1801:c201::1                        0.0%  1000   21.2  21.3  20.7  24.0   0.4
  3. 2003:0:1803:8318::2                        0.0%  1000   23.8  24.6  22.2  36.5   1.3
  4. 2003:0:1306:c000::1                        0.0%  1000   27.4  30.4  26.9  93.6   9.5
  5. 2003:0:1306:c008::2                       89.1%  1000   49.2  47.1  28.2  56.8   6.3
  6. ce-0-4-0-0.r03.frnkge03.de.ce.gin.ntt.net  0.0%  1000   35.1  34.3  33.4  68.6   2.3
  7. core4.hetzner.de                           0.0%  1000   33.9  33.4  32.8  53.8   1.1
  8. core22.hetzner.de                          0.0%  1000   36.4  36.3  35.7  51.8   1.0
  9. juniper3.rz12.hetzner.de                   0.0%  1000   35.6  36.2  35.2  66.6   3.2
 10. hos-tr2.ms-ex3k2.rz13.hetzner.de           0.0%  1000   37.8  37.2  36.5  49.6   0.9
 11. ???                                       100.0  1000    0.0   0.0   0.0   0.0   0.0
 12. h2t.preissler.me                           0.0%  1000   35.9  35.6  35.0  43.2   0.5
