HOST: alix                                      Loss%   Snt   Last   Avg  Best  Wrst StDev
  1. fritz.box                                  0.0%  1000    0.8   0.7   0.7  17.8   0.5
  2. 2003:0:1801:c201::1                        0.0%  1000   21.7  21.2  20.7  24.0   0.4
  3. 2003:0:1801:c218::2                        0.0%  1000   24.0  24.6  22.3  30.3   1.3
  4. 2003:0:1306:c000::1                        0.0%  1000   27.7  29.6  26.9 115.4   8.5
  5. 2003:0:1306:c008::2                       91.9%  1000   28.1  28.3  27.7  30.6   0.4
  6. ce-0-4-0-0.r03.frnkge03.de.ce.gin.ntt.net  0.0%  1000   34.4  34.0  33.3  58.0   2.1
  7. core4.hetzner.de                           0.0%  1000   33.9  34.0  33.3  57.7   1.7
  8. core22.hetzner.de                          0.0%  1000   35.9  35.9  35.4  44.7   0.7
  9. juniper3.rz12.hetzner.de                   0.0%  1000   35.6  36.1  35.2  68.3   3.0
 10. hos-tr2.ms-ex3k2.rz13.hetzner.de           0.0%  1000   37.4  37.2  36.3  46.9   0.9
 11. ???                                       100.0  1000    0.0   0.0   0.0   0.0   0.0
 12. h2t.preissler.me                           0.0%  1000   35.6  35.6  35.1  41.4   0.5
