HOST: alix                                      Loss%   Snt   Last   Avg  Best  Wrst StDev
  1. fritz.box                                  0.0%  1000    0.9   0.7   0.7   1.3   0.1
  2. 2003:0:1801:c201::1                        0.0%  1000   21.5  21.2  20.7  24.6   0.4
  3. 2003:0:1801:c218::2                        0.0%  1000   24.7  24.5  22.1  44.6   1.4
  4. 2003:0:1306:c000::1                        0.0%  1000   27.7  30.1  26.8  97.3   8.7
  5. 2003:0:1306:c008::2                       88.7%  1000   27.9  28.3  27.6  29.9   0.4
  6. ce-0-4-0-0.r03.frnkge03.de.ce.gin.ntt.net  0.0%  1000   34.2  34.3  33.3  55.4   2.9
  7. core4.hetzner.de                           0.0%  1000   33.7  33.3  32.8  39.7   0.6
  8. core22.hetzner.de                          0.0%  1000   36.0  36.1  35.7  45.5   0.8
  9. juniper3.rz12.hetzner.de                   0.0%  1000   35.7  35.9  35.2  68.8   2.7
 10. hos-tr2.ms-ex3k2.rz13.hetzner.de           0.0%  1000   37.3  37.2  36.4  46.4   0.8
 11. ???                                       100.0  1000    0.0   0.0   0.0   0.0   0.0
 12. h2t.preissler.me                           0.0%  1000   36.4  35.6  35.0  40.0   0.4
