HOST: alix                                      Loss%   Snt   Last   Avg  Best  Wrst StDev
  1. fritz.box                                  0.0%  1000    0.8   0.7   0.7   2.2   0.1
  2. 2003:0:1801:c201::1                        0.0%  1000   21.7  21.3  20.8  25.8   0.5
  3. 2003:0:1803:8318::2                        0.0%  1000   24.9  24.6  22.3  40.6   1.4
  4. 2003:0:1306:c000::1                        0.0%  1000   27.4  30.5  26.9 121.6   9.8
  5. 2003:0:1306:c008::2                       91.7%  1000   28.3  28.4  27.6  31.2   0.6
  6. ce-0-4-0-0.r03.frnkge03.de.ce.gin.ntt.net  0.2%  1000   52.0  50.8  34.1  71.1   5.0
  7. core4.hetzner.de                           0.1%  1000   51.5  50.8  33.8  62.3   4.7
  8. core22.hetzner.de                          0.1%  1000   55.1  52.9  35.7  64.2   4.8
  9. juniper3.rz12.hetzner.de                   0.1%  1000   58.1  53.2  35.8  83.7   5.4
 10. hos-tr2.ms-ex3k2.rz13.hetzner.de           0.1%  1000   59.2  54.3  37.3  70.8   4.8
 11. ???                                       100.0  1000    0.0   0.0   0.0   0.0   0.0
 12. h2t.preissler.me                           0.1%  1000   54.8  52.5  35.9  60.2   4.7
