HOST: alix                                      Loss%   Snt   Last   Avg  Best  Wrst StDev
  1. fritz.box                                  0.0%  1000    0.8   0.7   0.7   2.2   0.1
  2. 2003:0:1801:c201::1                        0.0%  1000   21.6  21.3  20.7  23.8   0.4
  3. 2003:0:1803:8318::2                        0.0%  1000   26.4  24.5  22.3  44.4   1.5
  4. 2003:0:1306:c000::1                        0.0%  1000   78.2  29.6  26.8 109.7   9.0
  5. 2003:0:1306:c008::2                       84.3%  1000   28.1  28.6  27.7  34.8   1.0
  6. ce-0-4-0-0.r03.frnkge03.de.ce.gin.ntt.net  0.0%  1000   37.3  35.0  33.3  57.3   2.9
  7. core4.hetzner.de                           0.1%  1000   34.4  34.1  32.9  46.9   1.7
  8. core22.hetzner.de                          0.0%  1000   38.3  37.0  35.7  49.6   1.7
  9. juniper3.rz12.hetzner.de                   0.0%  1000   36.6  37.1  35.3  69.1   3.6
 10. hos-tr2.ms-ex3k2.rz13.hetzner.de           0.0%  1000   38.8  38.0  36.6  49.6   1.8
 11. ???                                       100.0  1000    0.0   0.0   0.0   0.0   0.0
 12. h2t.preissler.me                           0.0%  1000   35.7  36.4  35.2  46.6   1.5
