HOST: alix                                      Loss%   Snt   Last   Avg  Best  Wrst StDev
  1. fritz.box                                  0.0%  1000    0.8   0.7   0.7   1.1   0.1
  2. 2003:0:1801:c201::1                        0.0%  1000   22.8  21.2  20.8  23.6   0.4
  3. 2003:0:1803:8318::2                        0.0%  1000   24.1  24.6  22.2  38.4   1.4
  4. 2003:0:1306:c000::1                        0.0%  1000   27.9  29.5  26.8 101.4   8.1
  5. 2003:0:1306:c008::2                       88.9%  1000   28.0  28.4  27.6  30.5   0.5
  6. ce-0-4-0-0.r03.frnkge03.de.ce.gin.ntt.net  0.0%  1000   33.8  34.1  33.4  56.5   2.1
  7. core4.hetzner.de                           0.0%  1000   33.4  33.3  32.8  42.8   0.7
  8. core22.hetzner.de                          0.0%  1000   35.7  36.1  35.6  45.1   0.6
  9. juniper3.rz12.hetzner.de                   0.0%  1000   36.7  37.7  35.2  73.0   3.8
 10. hos-tr2.ms-ex3k2.rz13.hetzner.de           0.0%  1000   44.8  42.0  36.4  57.4   4.1
 11. ???                                       100.0  1000    0.0   0.0   0.0   0.0   0.0
 12. h2t.preissler.me                           0.0%  1000   39.4  38.3  35.4  48.8   2.2
