HOST: alix                                      Loss%   Snt   Last   Avg  Best  Wrst StDev
  1. fritz.box                                  0.0%  1000    0.8   0.7   0.7   1.4   0.1
  2. 2003:0:1801:c201::1                        0.0%  1000   21.7  21.2  20.7  24.2   0.4
  3. 2003:0:1803:8318::2                        0.0%  1000   24.6  24.6  22.4  33.1   1.3
  4. 2003:0:1306:c000::1                        0.0%  1000   27.4  30.3  26.9 111.8   9.3
  5. 2003:0:1306:c008::2                       86.3%  1000   28.0  28.2  27.6  30.0   0.4
  6. ce-0-4-0-0.r03.frnkge03.de.ce.gin.ntt.net  0.0%  1000   33.5  33.9  33.3  56.0   1.8
  7. core4.hetzner.de                           0.0%  1000   34.1  33.3  32.8  44.2   0.8
  8. core22.hetzner.de                          0.0%  1000   36.5  36.2  35.7  44.4   0.7
  9. juniper3.rz12.hetzner.de                   0.0%  1000   39.1  38.0  35.3  69.6   3.9
 10. hos-tr2.ms-ex3k2.rz13.hetzner.de           0.0%  1000   42.0  42.2  36.4  60.8   4.2
 11. ???                                       100.0  1000    0.0   0.0   0.0   0.0   0.0
 12. h2t.preissler.me                           0.0%  1000   37.3  39.3  35.3  53.7   3.1
