HOST: alix                                      Loss%   Snt   Last   Avg  Best  Wrst StDev
  1. fritz.box                                  0.0%  1000    0.8   0.7   0.7   1.3   0.1
  2. 2003:0:1801:c201::1                        0.0%  1000   21.3  21.2  20.7  23.8   0.4
  3. 2003:0:1803:8318::2                        0.0%  1000   23.6  24.7  22.2  41.6   1.4
  4. 2003:0:1306:c000::1                        0.0%  1000   38.1  30.1  26.8 110.7   9.4
  5. 2003:0:1306:c008::2                       80.4%  1000   50.0  45.2  27.7  57.6  11.8
  6. ce-0-4-0-0.r03.frnkge03.de.ce.gin.ntt.net  0.0%  1000   37.8  34.4  33.3  55.1   2.1
  7. core4.hetzner.de                           0.0%  1000   38.6  34.0  33.3  44.7   1.0
  8. core22.hetzner.de                          0.0%  1000   41.3  36.1  35.4  56.9   1.4
  9. juniper3.rz12.hetzner.de                   0.0%  1000   39.7  36.1  35.2  61.3   2.2
 10. hos-tr2.ms-ex3k2.rz13.hetzner.de           0.0%  1000   37.9  37.4  36.5  44.5   0.9
 11. ???                                       100.0  1000    0.0   0.0   0.0   0.0   0.0
 12. h2t.preissler.me                           0.0%  1000   36.9  35.8  35.2  42.6   0.6
