HOST: alix                                      Loss%   Snt   Last   Avg  Best  Wrst StDev
  1. fritz.box                                  0.0%  1000    0.8   0.7   0.7   1.1   0.1
  2. 2003:0:1801:c201::1                        0.0%  1000   21.6  21.2  20.8  23.8   0.4
  3. 2003:0:1801:c218::2                        0.0%  1000   25.2  24.6  22.3  33.6   1.3
  4. 2003:0:1306:c000::1                        0.0%  1000   27.2  29.6  26.8 103.4   8.4
  5. 2003:0:1306:c008::2                       85.1%  1000   28.5  28.3  27.7  30.1   0.4
  6. ce-0-4-0-0.r03.frnkge03.de.ce.gin.ntt.net  0.0%  1000   34.3  34.0  33.4  54.6   1.7
  7. core4.hetzner.de                           0.0%  1000   33.6  33.3  32.8  42.8   0.7
  8. core22.hetzner.de                          0.0%  1000   36.1  36.3  35.7  63.8   1.4
  9. juniper3.rz12.hetzner.de                   0.0%  1000   39.6  40.4  35.5  69.9   4.4
 10. hos-tr2.ms-ex3k2.rz13.hetzner.de           0.0%  1000   47.3  45.3  36.9  70.6   4.7
 11. ???                                       100.0  1000    0.0   0.0   0.0   0.0   0.0
 12. h2t.preissler.me                           0.0%  1000   45.7  44.1  35.6  70.3   4.7
