HOST: alix                                      Loss%   Snt   Last   Avg  Best  Wrst StDev
  1. fritz.box                                  0.0%  1000    0.8   0.7   0.7   1.4   0.1
  2. 2003:0:1801:c201::1                        0.0%  1000   21.1  21.2  20.7  50.3   1.0
  3. 2003:0:1803:8318::2                        0.0%  1000   25.0  24.6  22.3  40.9   1.5
  4. 2003:0:1306:c000::1                        0.0%  1000   27.7  29.9  26.8  93.7   9.0
  5. 2003:0:1306:c008::2                       92.2%  1000   28.2  28.4  27.5  30.0   0.4
  6. ce-0-4-0-0.r03.frnkge03.de.ce.gin.ntt.net  0.0%  1000   33.7  34.0  33.3  56.5   2.0
  7. core4.hetzner.de                           0.0%  1000   33.7  33.4  32.9  51.0   1.0
  8. core22.hetzner.de                          0.0%  1000   36.4  36.2  35.6  60.4   1.0
  9. juniper3.rz12.hetzner.de                   0.0%  1000   35.6  36.2  35.2  68.7   3.2
 10. hos-tr2.ms-ex3k2.rz13.hetzner.de           0.0%  1000   37.0  37.3  36.3  46.5   0.8
 11. ???                                       100.0  1000    0.0   0.0   0.0   0.0   0.0
 12. h2t.preissler.me                           0.0%  1000   36.7  35.6  35.1  38.3   0.4
