HOST: alix                                      Loss%   Snt   Last   Avg  Best  Wrst StDev
  1. fritz.box                                  0.0%  1000    0.8   0.7   0.7   1.3   0.1
  2. 2003:0:1801:c201::1                        0.0%  1000   21.1  21.1  20.6  24.1   0.4
  3. 2003:0:1801:c218::2                        0.0%  1000   25.0  24.6  22.1  31.8   1.3
  4. 2003:0:1306:c000::1                        0.0%  1000   52.8  29.7  26.9  93.3   9.2
  5. 2003:0:1306:c008::2                       89.8%  1000   28.3  28.3  27.5  30.0   0.5
  6. ce-0-4-0-0.r03.frnkge03.de.ce.gin.ntt.net  0.0%  1000   34.1  34.0  33.3  65.7   2.2
  7. core4.hetzner.de                           0.0%  1000   33.3  33.3  32.8  50.4   1.1
  8. core22.hetzner.de                          0.0%  1000   36.5  36.1  35.6  43.5   0.6
  9. juniper3.rz12.hetzner.de                   0.0%  1000   37.1  37.2  35.2  68.0   3.5
 10. hos-tr2.ms-ex3k2.rz13.hetzner.de           0.0%  1000   39.4  39.8  36.8  49.7   2.0
 11. ???                                       100.0  1000    0.0   0.0   0.0   0.0   0.0
 12. h2t.preissler.me                           0.0%  1000   37.2  37.3  35.1  43.9   1.4
