HOST: alix                                      Loss%   Snt   Last   Avg  Best  Wrst StDev
  1. fritz.box                                  0.0%  1000    0.8   0.7   0.7   1.1   0.1
  2. 2003:0:1801:c201::1                        0.0%  1000   21.8  21.2  20.8  24.3   0.3
  3. 2003:0:1803:8318::2                        0.0%  1000   25.5  24.7  22.1  35.9   1.3
  4. 2003:0:1306:c000::1                        0.0%  1000   87.1  29.8  26.8 114.8   8.9
  5. 2003:0:1306:c008::2                       90.4%  1000   32.1  29.1  27.8  38.7   1.7
  6. ce-0-4-0-0.r03.frnkge03.de.ce.gin.ntt.net  0.0%  1000   34.1  34.0  33.3  54.9   1.7
  7. core4.hetzner.de                           0.0%  1000   34.0  33.8  33.3  43.5   0.6
  8. core22.hetzner.de                          1.1%  1000   36.0  35.9  35.4  45.2   0.6
  9. juniper3.rz12.hetzner.de                   1.8%  1000   35.5  36.5  35.2  71.5   4.4
 10. hos-tr2.ms-ex3k2.rz13.hetzner.de           0.0%  1000   37.2  37.2  36.4  42.7   0.6
 11. ???                                       100.0  1000    0.0   0.0   0.0   0.0   0.0
 12. h2t.preissler.me                           0.0%  1000   35.8  35.6  35.0  37.8   0.4
