HOST: alix                                      Loss%   Snt   Last   Avg  Best  Wrst StDev
  1. fritz.box                                  0.0%  1000    0.8   0.7   0.7   2.9   0.1
  2. 2003:0:1801:c201::1                        0.0%  1000   21.1  21.3  20.7  61.5   1.6
  3. 2003:0:1801:c218::2                        0.0%  1000   25.1  24.6  22.0  42.6   1.7
  4. 2003:0:1306:c000::1                        0.0%  1000   27.8  30.6  26.8 149.9  10.4
  5. 2003:0:1306:c008::2                       89.8%  1000   29.5  46.1  27.6  65.7  11.4
  6. ce-0-4-0-0.r03.frnkge03.de.ce.gin.ntt.net  0.0%  1000   33.7  34.1  33.3  57.9   2.3
  7. core4.hetzner.de                           0.0%  1000   33.4  33.5  32.9  67.2   2.0
  8. core22.hetzner.de                          0.0%  1000   36.8  36.3  35.6  93.6   2.4
  9. juniper3.rz12.hetzner.de                   0.0%  1000   35.8  36.3  35.2  66.4   3.5
 10. hos-tr2.ms-ex3k2.rz13.hetzner.de           0.0%  1000   37.3  37.2  36.4  71.7   1.4
 11. ???                                       100.0  1000    0.0   0.0   0.0   0.0   0.0
 12. h2t.preissler.me                           0.0%  1000   35.6  35.8  35.2  67.9   1.6
