HOST: alix                                      Loss%   Snt   Last   Avg  Best  Wrst StDev
  1. fritz.box                                  0.0%  1000    0.8   0.7   0.7   2.9   0.1
  2. 2003:0:1801:c201::1                        0.0%  1000   21.6  21.2  20.8  24.2   0.3
  3. 2003:0:1803:8318::2                        0.0%  1000   23.5  24.6  22.3  36.4   1.3
  4. 2003:0:1306:c000::1                        0.0%  1000   28.1  29.9  26.9  92.5   8.8
  5. 2003:0:1306:c008::2                       90.8%  1000   28.3  28.8  27.5  34.7   1.1
  6. ce-0-4-0-0.r03.frnkge03.de.ce.gin.ntt.net  0.0%  1000   33.9  34.1  33.4  55.4   1.9
  7. core4.hetzner.de                           0.0%  1000   34.3  34.0  33.4  74.8   1.4
  8. core22.hetzner.de                          0.0%  1000   36.1  36.1  35.4  65.3   1.8
  9. juniper3.rz12.hetzner.de                   0.0%  1000   36.3  36.4  35.2  66.1   3.2
 10. hos-tr2.ms-ex3k2.rz13.hetzner.de           0.0%  1000   37.5  37.3  36.3  45.9   0.8
 11. ???                                       100.0  1000    0.0   0.0   0.0   0.0   0.0
 12. h2t.preissler.me                           0.0%  1000   35.9  35.7  35.1  38.4   0.5
