HOST: alix                                      Loss%   Snt   Last   Avg  Best  Wrst StDev
  1. fritz.box                                  0.0%  1000    0.8   0.7   0.7   1.8   0.1
  2. 2003:0:1801:c201::1                        0.0%  1000   21.6  21.2  20.7  24.8   0.3
  3. 2003:0:1801:c218::2                        0.0%  1000   22.7  24.7  22.1  43.7   1.5
  4. 2003:0:1306:c000::1                        0.0%  1000   28.0  30.1  26.9 103.6   9.3
  5. 2003:0:1306:c008::2                       86.4%  1000   28.3  28.4  27.6  30.6   0.5
  6. ce-0-4-0-0.r03.frnkge03.de.ce.gin.ntt.net  0.0%  1000   34.6  34.2  33.3  54.5   2.0
  7. core4.hetzner.de                           0.0%  1000   33.8  33.5  32.9  43.7   0.9
  8. core22.hetzner.de                          0.0%  1000   36.5  36.4  35.7  45.7   0.9
  9. juniper3.rz12.hetzner.de                   0.0%  1000   35.7  36.3  35.2  69.3   3.4
 10. hos-tr2.ms-ex3k2.rz13.hetzner.de           0.0%  1000   37.5  37.4  36.5  45.8   1.0
 11. ???                                       100.0  1000    0.0   0.0   0.0   0.0   0.0
 12. h2t.preissler.me                           0.0%  1000   36.5  35.8  35.1  39.3   0.4
