HOST: alix                                      Loss%   Snt   Last   Avg  Best  Wrst StDev
  1. fritz.box                                  0.0%  1000    0.9   0.7   0.7   7.5   0.2
  2. 2003:0:1801:c201::1                        0.0%  1000   21.9  21.2  20.8  23.8   0.4
  3. 2003:0:1803:8318::2                        0.0%  1000   24.7  24.6  22.3  42.0   1.5
  4. 2003:0:1306:c000::1                        0.5%  1000   27.2  30.5  26.8 111.7   9.7
  5. 2003:0:1306:c008::2                       84.3%  1000  2207. 577.5  27.8 2297. 893.4
  6. ce-0-4-0-0.r03.frnkge03.de.ce.gin.ntt.net 52.2%  1000   33.7  34.4  33.4  58.0   2.6
  7. core4.hetzner.de                          57.8%  1000   33.5  33.5  32.9  42.4   0.7
  8. core22.hetzner.de                         50.1%  1000   36.3  36.3  35.7  45.2   0.8
  9. juniper3.rz12.hetzner.de                   0.5%  1000   35.7  36.1  35.2  65.0   2.8
 10. hos-tr2.ms-ex3k2.rz13.hetzner.de           0.5%  1000   37.3  37.2  36.4  46.0   0.8
 11. ???                                       100.0  1000    0.0   0.0   0.0   0.0   0.0
 12. h2t.preissler.me                           0.5%  1000   35.6  35.7  35.0  42.5   0.4
