HOST: alix                                      Loss%   Snt   Last   Avg  Best  Wrst StDev
  1. fritz.box                                  0.0%  1000    0.8   0.7   0.7   1.1   0.1
  2. 2003:0:1801:c201::1                        0.0%  1000   21.4  21.2  20.7  24.0   0.4
  3. 2003:0:1803:8318::2                        0.0%  1000   25.4  24.5  22.1  31.2   1.3
  4. 2003:0:1306:c000::1                        0.0%  1000   27.8  30.5  26.9 120.0  10.4
  5. 2003:0:1306:c008::2                       90.9%  1000   28.0  28.3  27.5  31.8   0.5
  6. ce-0-4-0-0.r03.frnkge03.de.ce.gin.ntt.net  0.0%  1000   34.1  34.4  33.3  57.6   2.8
  7. core4.hetzner.de                           0.0%  1000   33.8  33.3  32.8  41.2   0.6
  8. core22.hetzner.de                          0.0%  1000   36.3  36.2  35.6  45.7   0.7
  9. juniper3.rz12.hetzner.de                   0.0%  1000   36.5  36.7  35.2  64.2   2.9
 10. hos-tr2.ms-ex3k2.rz13.hetzner.de           0.0%  1000   39.9  39.0  36.5  56.1   2.3
 11. ???                                       100.0  1000    0.0   0.0   0.0   0.0   0.0
 12. h2t.preissler.me                           0.0%  1000   39.5  37.4  35.3  45.7   1.9
