HOST: alix                                      Loss%   Snt   Last   Avg  Best  Wrst StDev
  1. fritz.box                                  0.0%  1000    0.9   0.7   0.7   2.2   0.1
  2. 2003:0:1801:c201::1                        0.0%  1000   21.6  21.1  20.7  55.0   1.1
  3. 2003:0:1801:c218::2                        0.0%  1000   23.7  24.6  22.3  45.7   1.4
  4. 2003:0:1306:c000::1                        0.0%  1000   27.8  29.5  26.9  91.9   7.9
  5. 2003:0:1306:c008::2                       91.8%  1000   28.3  28.3  27.6  29.8   0.4
  6. ce-0-4-0-0.r03.frnkge03.de.ce.gin.ntt.net  0.0%  1000   33.9  34.0  33.2  57.0   1.9
  7. core4.hetzner.de                           0.0%  1000   33.9  34.0  33.3  58.1   2.2
  8. core22.hetzner.de                          0.0%  1000   36.2  36.0  35.4  64.2   1.2
  9. juniper3.rz12.hetzner.de                   0.0%  1000   35.4  36.3  35.2  66.5   3.0
 10. hos-tr2.ms-ex3k2.rz13.hetzner.de           0.0%  1000   37.5  37.6  36.4  48.0   1.1
 11. ???                                       100.0  1000    0.0   0.0   0.0   0.0   0.0
 12. h2t.preissler.me                           0.0%  1000   36.2  36.1  35.1  47.7   0.9
