HOST: alix                                      Loss%   Snt   Last   Avg  Best  Wrst StDev
  1. fritz.box                                  0.0%  1000    0.7   0.7   0.7   2.2   0.1
  2. 2003:0:1801:c201::1                        0.0%  1000   23.0  21.4  20.7  24.0   0.6
  3. 2003:0:1803:8318::2                        0.0%  1000   27.5  24.7  22.1  29.4   1.3
  4. 2003:0:1306:c000::1                        0.0%  1000   29.5  30.4  26.8 118.4   9.4
  5. 2003:0:1306:c008::2                       84.8%  1000   28.2  31.1  27.5  47.7   3.6
  6. ce-0-4-0-0.r03.frnkge03.de.ce.gin.ntt.net  0.4%  1000   57.6  56.9  38.3  81.8   5.3
  7. core4.hetzner.de                           0.2%  1000   57.9  56.0  36.0  81.8   4.9
  8. core22.hetzner.de                          0.2%  1000   64.6  59.1  41.2  84.3   4.8
  9. juniper3.rz12.hetzner.de                   0.1%  1000   71.8  59.0  39.1  88.7   5.4
 10. hos-tr2.ms-ex3k2.rz13.hetzner.de           0.2%  1000   74.1  60.0  41.1  77.7   4.7
 11. ???                                       100.0  1000    0.0   0.0   0.0   0.0   0.0
 12. h2t.preissler.me                           0.1%  1000   62.4  58.6  40.2  79.1   4.8
