HOST: alix                                      Loss%   Snt   Last   Avg  Best  Wrst StDev
  1. fritz.box                                  0.0%  1000    0.8   0.7   0.7   2.2   0.1
  2. 2003:0:1801:c201::1                        0.0%  1000   21.5  21.2  20.7  31.3   0.7
  3. 2003:0:1801:c218::2                        0.0%  1000   27.0  24.6  22.0  36.6   1.4
  4. 2003:0:1306:c000::1                        0.0%  1000   27.8  29.8  27.0  93.8   7.9
  5. 2003:0:1306:c008::2                       89.9%  1000   28.1  28.3  27.7  30.1   0.5
  6. ce-0-4-0-0.r03.frnkge03.de.ce.gin.ntt.net  0.0%  1000   33.8  34.1  33.4  56.1   1.9
  7. core4.hetzner.de                           0.0%  1000   33.7  33.4  32.9  41.7   0.8
  8. core22.hetzner.de                          0.0%  1000   36.3  36.2  35.7  49.0   1.0
  9. juniper3.rz12.hetzner.de                   0.0%  1000   36.4  36.9  35.2  70.3   3.0
 10. hos-tr2.ms-ex3k2.rz13.hetzner.de           0.0%  1000   37.7  40.9  36.6  69.3   4.1
 11. ???                                       100.0  1000    0.0   0.0   0.0   0.0   0.0
 12. h2t.preissler.me                           0.0%  1000   37.4  37.6  35.2  50.0   2.1
