HOST: alix                                      Loss%   Snt   Last   Avg  Best  Wrst StDev
  1. fritz.box                                  0.0%  1000    0.8   0.7   0.7   1.3   0.1
  2. 2003:0:1801:c201::1                        0.0%  1000   21.7  21.2  20.7  23.8   0.3
  3. 2003:0:1803:8318::2                        0.0%  1000   23.8  24.6  22.2  38.4   1.4
  4. 2003:0:1306:c000::1                        0.1%  1000   27.6  30.5  26.9 117.6  10.4
  5. 2003:0:1306:c008::2                       88.4%  1000   29.3  48.3  28.4  70.5   7.6
  6. ce-0-4-0-0.r03.frnkge03.de.ce.gin.ntt.net  0.7%  1000   57.1  57.0  54.3  83.0   2.8
  7. core4.hetzner.de                           1.3%  1000   55.6  56.0  52.8  80.7   2.0
  8. core22.hetzner.de                          1.9%  1000   58.9  59.0  56.3  81.6   2.0
  9. juniper3.rz12.hetzner.de                   0.7%  1000   59.0  59.0  55.2  87.4   3.1
 10. hos-tr2.ms-ex3k2.rz13.hetzner.de           0.7%  1000   59.8  60.1  56.3  82.8   2.2
 11. ???                                       100.0  1000    0.0   0.0   0.0   0.0   0.0
 12. h2t.preissler.me                           1.2%  1000   58.6  58.6  55.8  78.0   2.0
