HOST: alix                                      Loss%   Snt   Last   Avg  Best  Wrst StDev
  1. fritz.box                                  0.0%  1000    0.8   0.7   0.7   2.4   0.2
  2. 2003:0:1801:c201::1                        0.0%  1000   21.3  21.8  20.7  84.7   4.7
  3. 2003:0:1803:8318::2                        0.0%  1000   23.4  25.1  22.1  82.7   4.5
  4. 2003:0:1306:c000::1                        0.0%  1000   28.0  30.1  26.9  96.2   9.5
  5. 2003:0:1306:c008::2                       67.3%  1000   73.6  77.9  60.6 114.9   6.9
  6. ce-0-4-0-0.r03.frnkge03.de.ce.gin.ntt.net  0.6%  1000  103.4 106.4  83.4 169.3   8.0
  7. core4.hetzner.de                           0.7%  1000  104.0 105.7  82.5 179.5   8.0
  8. core22.hetzner.de                          1.3%  1000  105.8 108.5  88.9 158.5   7.6
  9. juniper3.rz12.hetzner.de                   0.3%  1000  104.8 108.3  87.6 158.3   7.9
 10. hos-tr2.ms-ex3k2.rz13.hetzner.de           0.7%  1000  107.3 109.3  88.1 154.3   7.4
 11. ???                                       100.0  1000    0.0   0.0   0.0   0.0   0.0
 12. h2t.preissler.me                           1.3%  1000  107.6 107.7  87.5 168.1   7.6
