HOST: alix                                      Loss%   Snt   Last   Avg  Best  Wrst StDev
  1. fritz.box                                  0.0%  1000    0.7   0.7   0.7   3.1   0.1
  2. 2003:0:1801:c201::1                        0.0%  1000   21.5  21.3  20.8  24.1   0.4
  3. 2003:0:1803:8318::2                        0.1%  1000   25.9  24.7  22.4  42.2   1.4
  4. 2003:0:1306:c000::1                        0.0%  1000   27.3  30.2  26.9  92.0   9.8
  5. 2003:0:1306:c008::2                       89.7%  1000   35.1  43.6  27.7  56.3  10.8
  6. ce-0-4-0-0.r03.frnkge03.de.ce.gin.ntt.net  0.0%  1000   34.8  34.0  33.3  54.7   2.0
  7. core4.hetzner.de                           0.0%  1000   33.5  33.3  32.9  41.1   0.6
  8. core22.hetzner.de                          0.0%  1000   36.2  36.2  35.7  45.8   0.8
  9. juniper3.rz12.hetzner.de                   0.0%  1000   35.8  36.1  35.3  67.0   2.6
 10. hos-tr2.ms-ex3k2.rz13.hetzner.de           0.0%  1000   37.5  37.3  36.3  43.8   0.9
 11. ???                                       100.0  1000    0.0   0.0   0.0   0.0   0.0
 12. h2t.preissler.me                           0.0%  1000   35.8  35.7  35.1  45.9   0.5
