HOST: alix                                      Loss%   Snt   Last   Avg  Best  Wrst StDev
  1. fritz.box                                  0.0%  1000    0.9   0.7   0.7   1.1   0.1
  2. 2003:0:1801:c201::1                        0.0%  1000   21.7  21.3  20.7  24.0   0.3
  3. 2003:0:1803:8318::2                        0.0%  1000   24.2  24.6  22.3  44.9   1.5
  4. 2003:0:1306:c000::1                        0.0%  1000   27.7  30.4  26.9 112.6   9.8
  5. 2003:0:1306:c008::2                       82.7%  1000   28.0  42.7  27.8  70.6  10.4
  6. ce-0-4-0-0.r03.frnkge03.de.ce.gin.ntt.net  0.0%  1000   47.9  51.5  33.5  75.2   6.3
  7. core4.hetzner.de                           0.0%  1000   49.7  50.7  33.4  67.7   6.0
  8. core22.hetzner.de                          0.1%  1000   53.8  53.6  36.4  69.8   6.0
  9. juniper3.rz12.hetzner.de                   0.0%  1000   54.0  53.8  35.7  90.0   6.7
 10. hos-tr2.ms-ex3k2.rz13.hetzner.de           0.0%  1000   54.3  54.7  37.1  70.9   6.0
 11. ???                                       100.0  1000    0.0   0.0   0.0   0.0   0.0
 12. h2t.preissler.me                           0.0%  1000   54.2  53.4  36.0  72.3   5.9
