HOST: alix                                      Loss%   Snt   Last   Avg  Best  Wrst StDev
  1. fritz.box                                  0.0%  1000    0.8   0.7   0.7   1.2   0.1
  2. 2003:0:1801:c201::1                        0.0%  1000   21.6  21.1  20.7  23.4   0.3
  3. 2003:0:1801:c218::2                        0.0%  1000   26.3  24.6  22.1  39.4   1.4
  4. 2003:0:1306:c000::1                        0.0%  1000   27.6  29.6  26.9  94.6   8.2
  5. 2003:0:1306:c008::2                       89.0%  1000   27.7  28.3  27.6  30.2   0.4
  6. ce-0-4-0-0.r03.frnkge03.de.ce.gin.ntt.net  0.0%  1000   33.7  34.1  33.3  58.3   2.3
  7. core4.hetzner.de                           0.0%  1000   33.2  33.3  32.8  42.7   0.7
  8. core22.hetzner.de                          0.0%  1000   36.1  36.1  35.6  43.8   0.6
  9. juniper3.rz12.hetzner.de                   0.0%  1000   36.0  36.0  35.2  68.2   2.6
 10. hos-tr2.ms-ex3k2.rz13.hetzner.de           0.0%  1000   36.8  37.1  36.2  44.7   0.7
 11. ???                                       100.0  1000    0.0   0.0   0.0   0.0   0.0
 12. h2t.preissler.me                           0.0%  1000   35.6  35.8  35.1  38.3   0.6
