HOST: alix                                      Loss%   Snt   Last   Avg  Best  Wrst StDev
  1. fritz.box                                  0.0%  1000    0.8   0.7   0.7   1.4   0.1
  2. 2003:0:1801:c201::1                        0.0%  1000   21.1  21.1  20.7  23.6   0.3
  3. 2003:0:1803:8318::2                        0.0%  1000   24.8  24.6  22.3  38.8   1.4
  4. 2003:0:1306:c000::1                        0.0%  1000   28.0  29.1  26.9  94.1   7.4
  5. 2003:0:1306:c008::2                       91.0%  1000   28.0  28.3  27.5  31.4   0.6
  6. ce-0-4-0-0.r03.frnkge03.de.ce.gin.ntt.net  0.0%  1000   35.0  34.4  33.3  57.8   3.1
  7. core4.hetzner.de                           0.0%  1000   33.3  33.3  32.9  42.4   0.8
  8. core22.hetzner.de                          0.0%  1000   36.6  36.1  35.6  44.8   0.6
  9. juniper3.rz12.hetzner.de                   0.0%  1000   36.4  38.9  35.3  70.9   3.9
 10. hos-tr2.ms-ex3k2.rz13.hetzner.de           0.0%  1000   38.9  45.3  37.1  64.7   4.5
 11. ???                                       100.0  1000    0.0   0.0   0.0   0.0   0.0
 12. h2t.preissler.me                           0.0%  1000   36.9  40.8  35.6  56.3   3.7
