HOST: alix                                      Loss%   Snt   Last   Avg  Best  Wrst StDev
  1. fritz.box                                  0.0%  1000    0.8   0.7   0.7   1.1   0.1
  2. 2003:0:1801:c201::1                        0.0%  1000   21.4  21.3  20.7  24.0   0.5
  3. 2003:0:1803:8318::2                        0.0%  1000   23.8  24.6  22.3  37.6   1.3
  4. 2003:0:1306:c000::1                        0.0%  1000   27.6  29.5  26.9  91.8   8.4
  5. 2003:0:1306:c008::2                       89.4%  1000   28.1  28.4  27.6  30.2   0.6
  6. ce-0-4-0-0.r03.frnkge03.de.ce.gin.ntt.net  0.0%  1000   33.7  34.1  33.3  55.4   1.8
  7. core4.hetzner.de                           0.0%  1000   33.7  34.0  33.3  50.3   1.0
  8. core22.hetzner.de                          0.0%  1000   35.9  36.0  35.4  46.8   0.9
  9. juniper3.rz12.hetzner.de                   0.0%  1000   39.8  37.2  35.4  68.6   3.2
 10. hos-tr2.ms-ex3k2.rz13.hetzner.de           0.0%  1000   40.5  39.5  36.7  50.7   2.1
 11. ???                                       100.0  1000    0.0   0.0   0.0   0.0   0.0
 12. h2t.preissler.me                           0.0%  1000   41.0  38.2  35.4  47.0   2.1
