HOST: alix                                      Loss%   Snt   Last   Avg  Best  Wrst StDev
  1. fritz.box                                  0.0%  1000    0.8   0.7   0.7   1.2   0.1
  2. 2003:0:1801:c201::1                        0.0%  1000   21.5  21.2  20.8  24.2   0.4
  3. 2003:0:1803:8318::2                        0.0%  1000   24.5  24.5  22.1  35.5   1.4
  4. 2003:0:1306:c000::1                        0.0%  1000   27.9  30.5  26.9 105.2   9.9
  5. 2003:0:1306:c008::2                       86.1%  1000   28.4  28.3  27.6  30.3   0.5
  6. ce-0-4-0-0.r03.frnkge03.de.ce.gin.ntt.net  0.0%  1000   34.1  34.1  33.3  56.2   2.3
  7. core4.hetzner.de                           0.0%  1000   33.5  33.3  32.8  41.9   0.7
  8. core22.hetzner.de                          0.0%  1000   36.9  36.1  35.7  44.9   0.6
  9. juniper3.rz12.hetzner.de                   0.0%  1000   35.7  37.8  35.3  66.6   3.2
 10. hos-tr2.ms-ex3k2.rz13.hetzner.de           0.0%  1000   44.9  41.9  36.7  62.1   3.5
 11. ???                                       100.0  1000    0.0   0.0   0.0   0.0   0.0
 12. h2t.preissler.me                           0.0%  1000   42.9  39.3  35.1  51.2   2.8
