HOST: alix                                      Loss%   Snt   Last   Avg  Best  Wrst StDev
  1. fritz.box                                  0.0%  1000    0.7   0.7   0.7   1.6   0.1
  2. 2003:0:1801:c201::1                        0.0%  1000   20.9  21.2  20.8  23.8   0.4
  3. 2003:0:1801:c218::2                        0.0%  1000   24.9  24.6  21.8  28.1   1.2
  4. 2003:0:1306:c000::1                        0.0%  1000   27.8  29.2  26.9  89.4   7.1
  5. 2003:0:1306:c008::2                       91.8%  1000   30.1  28.5  27.6  30.1   0.5
  6. ce-0-4-0-0.r03.frnkge03.de.ce.gin.ntt.net  0.0%  1000   37.0  38.2  33.4  63.5   5.5
  7. core4.hetzner.de                           0.0%  1000   34.6  37.3  32.8  55.1   5.2
  8. core22.hetzner.de                          0.0%  1000   37.1  40.3  35.7  58.1   5.3
  9. juniper3.rz12.hetzner.de                   0.0%  1000   37.0  40.6  35.3  80.0   6.2
 10. hos-tr2.ms-ex3k2.rz13.hetzner.de           0.0%  1000   38.8  41.9  36.5  63.9   5.6
 11. ???                                       100.0  1000    0.0   0.0   0.0   0.0   0.0
 12. h2t.preissler.me                           0.0%  1000   37.8  40.3  35.2  60.9   5.5
