HOST: alix                                      Loss%   Snt   Last   Avg  Best  Wrst StDev
  1. fritz.box                                  0.0%  1000    0.8   0.7   0.7   8.0   0.3
  2. 2003:0:1801:c201::1                        0.0%  1000   21.6  21.3  20.7  60.8   1.4
  3. 2003:0:1801:c218::2                        0.0%  1000   26.0  24.5  22.2  53.7   1.5
  4. 2003:0:1306:c000::1                        0.0%  1000   27.4  29.6  26.9  92.5   8.8
  5. 2003:0:1306:c008::2                       85.9%  1000   28.2  28.4  27.5  31.7   0.5
  6. ce-0-4-0-0.r03.frnkge03.de.ce.gin.ntt.net  0.0%  1000   34.4  34.0  33.3  56.7   2.0
  7. core4.hetzner.de                           0.0%  1000   33.3  33.3  32.8  41.9   0.7
  8. core22.hetzner.de                          0.0%  1000   36.1  36.2  35.6  47.7   0.8
  9. juniper3.rz12.hetzner.de                   0.0%  1000   35.6  35.9  35.2  66.0   2.2
 10. hos-tr2.ms-ex3k2.rz13.hetzner.de           0.0%  1000   37.3  37.2  36.4  52.8   0.9
 11. ???                                       100.0  1000    0.0   0.0   0.0   0.0   0.0
 12. h2t.preissler.me                           0.0%  1000   35.8  35.7  35.1  58.0   0.9
