HOST: alix                                      Loss%   Snt   Last   Avg  Best  Wrst StDev
  1. fritz.box                                  0.0%  1000    0.8   0.7   0.7   3.1   0.1
  2. 2003:0:1801:c201::1                        0.0%  1000   22.1  21.2  20.7  24.1   0.3
  3. 2003:0:1801:c218::2                        0.0%  1000   24.4  24.4  22.0  40.0   1.4
  4. 2003:0:1306:c000::1                        0.0%  1000   27.4  29.9  26.9  95.4   8.9
  5. 2003:0:1306:c008::2                       86.5%  1000   28.5  28.3  27.5  30.1   0.5
  6. ce-0-4-0-0.r03.frnkge03.de.ce.gin.ntt.net  0.0%  1000   33.5  34.0  33.3  56.9   1.9
  7. core4.hetzner.de                           0.0%  1000   33.6  33.6  32.9  56.7   2.0
  8. core22.hetzner.de                          0.0%  1000   39.7  36.2  35.6  50.0   0.8
  9. juniper3.rz12.hetzner.de                   0.0%  1000   45.5  42.8  35.4  79.2   5.8
 10. hos-tr2.ms-ex3k2.rz13.hetzner.de           0.0%  1000   49.4  50.5  37.4  97.2   8.1
 11. ???                                       100.0  1000    0.0   0.0   0.0   0.0   0.0
 12. h2t.preissler.me                           0.0%  1000   39.6  49.5  36.0  89.3   9.2
