HOST: alix                                      Loss%   Snt   Last   Avg  Best  Wrst StDev
  1. fritz.box                                  0.0%  1000    0.8   0.7   0.7   1.3   0.1
  2. 2003:0:1801:c201::1                        0.0%  1000   21.3  21.2  20.8  23.8   0.3
  3. 2003:0:1801:c218::2                        0.0%  1000   26.6  24.6  22.1  31.7   1.3
  4. 2003:0:1306:c000::1                        0.0%  1000   27.5  30.1  26.9  94.3   9.0
  5. 2003:0:1306:c008::2                       89.5%  1000   28.1  28.3  27.6  30.1   0.4
  6. ce-0-4-0-0.r03.frnkge03.de.ce.gin.ntt.net  0.0%  1000   34.3  34.0  33.3  54.9   2.0
  7. core4.hetzner.de                           0.0%  1000   33.5  33.5  32.8  53.3   1.9
  8. core22.hetzner.de                          0.0%  1000   36.2  36.1  35.6  46.0   0.7
  9. juniper3.rz12.hetzner.de                   0.0%  1000   38.1  38.0  35.4  69.0   3.2
 10. hos-tr2.ms-ex3k2.rz13.hetzner.de           0.0%  1000   38.8  41.8  36.9  55.8   3.0
 11. ???                                       100.0  1000    0.0   0.0   0.0   0.0   0.0
 12. h2t.preissler.me                           0.0%  1000   37.3  38.3  35.6  45.6   1.8
