HOST: alix                                      Loss%   Snt   Last   Avg  Best  Wrst StDev
  1. fritz.box                                  0.0%  1000    0.8   0.7   0.7   1.1   0.1
  2. 2003:0:1801:c201::1                        0.0%  1000   21.3  21.2  20.7  24.1   0.4
  3. 2003:0:1801:c218::2                        0.0%  1000   24.8  24.6  22.3  41.7   1.4
  4. 2003:0:1306:c000::1                        0.0%  1000   27.5  29.7  26.9  94.2   8.8
  5. 2003:0:1306:c008::2                       89.3%  1000   28.1  28.4  27.7  30.0   0.4
  6. ce-0-4-0-0.r03.frnkge03.de.ce.gin.ntt.net  0.0%  1000   42.0  36.4  33.4  60.1   4.3
  7. core4.hetzner.de                           0.0%  1000   41.0  36.1  33.3  54.5   3.9
  8. core22.hetzner.de                          0.0%  1000   41.5  38.6  35.5  60.4   4.3
  9. juniper3.rz12.hetzner.de                   0.0%  1000   40.1  38.5  35.2  81.1   4.7
 10. hos-tr2.ms-ex3k2.rz13.hetzner.de           0.0%  1000   43.1  39.8  36.5  55.9   4.0
 11. ???                                       100.0  1000    0.0   0.0   0.0   0.0   0.0
 12. h2t.preissler.me                           0.0%  1000   44.6  38.3  35.2  57.7   4.2
