HOST: alix                                      Loss%   Snt   Last   Avg  Best  Wrst StDev
  1. fritz.box                                  0.0%  1000    0.8   0.7   0.7   3.4   0.2
  2. 2003:0:1801:c201::1                        0.0%  1000   21.6  21.1  20.7  23.8   0.3
  3. 2003:0:1803:8318::2                        0.0%  1000   24.6  24.8  22.2  52.0   1.9
  4. 2003:0:1306:c000::1                        0.0%  1000   27.8  30.2  26.8  94.6   8.8
  5. 2003:0:1306:c008::2                       88.0%  1000   28.9  28.4  27.7  30.8   0.6
  6. ce-0-4-0-0.r03.frnkge03.de.ce.gin.ntt.net  0.0%  1000   33.7  34.1  33.3  55.9   2.0
  7. core4.hetzner.de                           0.0%  1000   33.1  33.5  32.8  58.8   1.9
  8. core22.hetzner.de                          0.0%  1000   36.5  36.2  35.7  59.0   1.1
  9. juniper3.rz12.hetzner.de                   0.0%  1000   36.0  36.2  35.2  76.2   3.1
 10. hos-tr2.ms-ex3k2.rz13.hetzner.de           0.0%  1000   38.1  37.3  36.4  72.0   1.4
 11. ???                                       100.0  1000    0.0   0.0   0.0   0.0   0.0
 12. h2t.preissler.me                           0.0%  1000   36.1  35.7  35.1  57.2   0.8
