HOST: alix                                      Loss%   Snt   Last   Avg  Best  Wrst StDev
  1. fritz.box                                  0.0%  1000    0.8   0.7   0.7   2.9   0.1
  2. 2003:0:1801:c201::1                        0.0%  1000   21.4  21.2  20.8  35.2   0.5
  3. 2003:0:1801:c218::2                        0.0%  1000   26.1  24.6  22.2  31.2   1.2
  4. 2003:0:1306:c000::1                        0.0%  1000   27.3  29.6  26.9  94.5   8.1
  5. 2003:0:1306:c008::2                       92.7%  1000   27.8  28.3  27.6  30.4   0.5
  6. ce-0-4-0-0.r03.frnkge03.de.ce.gin.ntt.net  0.0%  1000   33.6  34.0  33.4  55.0   1.6
  7. core4.hetzner.de                           0.0%  1000   33.6  33.3  32.8  43.4   0.8
  8. core22.hetzner.de                          0.0%  1000   36.6  36.1  35.7  46.1   0.7
  9. juniper3.rz12.hetzner.de                   0.0%  1000   38.6  36.3  35.2  66.6   3.1
 10. hos-tr2.ms-ex3k2.rz13.hetzner.de           0.0%  1000   36.8  37.5  36.4  55.1   1.2
 11. ???                                       100.0  1000    0.0   0.0   0.0   0.0   0.0
 12. h2t.preissler.me                           0.0%  1000   36.0  35.8  35.1  40.9   0.6
