HOST: alix                                      Loss%   Snt   Last   Avg  Best  Wrst StDev
  1. fritz.box                                  0.0%  1000    0.8   0.7   0.7   1.3   0.1
  2. 2003:0:1801:c201::1                        0.0%  1000   21.4  21.2  20.7  24.0   0.3
  3. 2003:0:1801:c218::2                        0.0%  1000   24.2  24.5  22.3  38.4   1.3
  4. 2003:0:1306:c000::1                        0.0%  1000   27.6  29.7  26.9 109.0   8.8
  5. 2003:0:1306:c008::2                       87.9%  1000   28.5  39.3  28.1  54.9   7.7
  6. ce-0-4-0-0.r03.frnkge03.de.ce.gin.ntt.net  0.0%  1000   33.8  34.1  33.3  56.4   2.0
  7. core4.hetzner.de                           0.0%  1000   34.0  33.8  33.3  48.7   0.9
  8. core22.hetzner.de                          0.0%  1000   36.1  37.9  35.4 2042.  63.4
  9. juniper3.rz12.hetzner.de                   0.0%  1000   66.3  36.8  35.2  98.6   5.1
 10. hos-tr2.ms-ex3k2.rz13.hetzner.de           0.0%  1000   36.5  37.1  36.3  43.8   0.7
 11. ???                                       100.0  1000    0.0   0.0   0.0   0.0   0.0
 12. h2t.preissler.me                           0.0%  1000   36.2  35.6  35.0  38.0   0.4
