HOST: alix                                      Loss%   Snt   Last   Avg  Best  Wrst StDev
  1. fritz.box                                  0.0%  1000    0.9   0.7   0.7   2.4   0.1
  2. 2003:0:1801:c201::1                        0.0%  1000   23.7  21.2  20.8  25.7   0.3
  3. 2003:0:1801:c218::2                        0.0%  1000   25.5  24.6  22.2  37.6   1.3
  4. 2003:0:1306:c000::1                        0.0%  1000   28.0  29.9  26.9  90.1   8.9
  5. 2003:0:1306:c008::2                       88.2%  1000   28.2  28.4  27.7  30.8   0.6
  6. ce-0-4-0-0.r03.frnkge03.de.ce.gin.ntt.net  0.0%  1000   33.7  34.2  33.4  61.8   2.6
  7. core4.hetzner.de                           0.0%  1000   33.4  33.3  32.9  44.9   0.6
  8. core22.hetzner.de                          0.0%  1000   36.6  36.2  35.7  47.1   0.8
  9. juniper3.rz12.hetzner.de                   0.0%  1000   35.8  36.5  35.2  68.4   4.1
 10. hos-tr2.ms-ex3k2.rz13.hetzner.de           0.0%  1000   37.8  37.1  36.4  47.0   0.8
 11. ???                                       100.0  1000    0.0   0.0   0.0   0.0   0.0
 12. h2t.preissler.me                           0.0%  1000   36.1  35.7  35.0  38.3   0.4
