HOST: alix                                      Loss%   Snt   Last   Avg  Best  Wrst StDev
  1. fritz.box                                  0.0%  1000    0.7   0.7   0.7   2.3   0.1
  2. 2003:0:1801:c201::1                        0.0%  1000   21.7  21.2  20.7  24.0   0.3
  3. 2003:0:1803:8318::2                        0.0%  1000   24.5  24.6  22.3  30.1   1.2
  4. 2003:0:1306:c000::1                        0.0%  1000   27.5  29.9  26.9 110.5  10.1
  5. 2003:0:1306:c008::2                       87.7%  1000   28.7  39.5  27.8  54.1   8.7
  6. ce-0-4-0-0.r03.frnkge03.de.ce.gin.ntt.net  0.0%  1000   34.0  34.1  33.4  54.4   1.8
  7. core4.hetzner.de                           0.0%  1000   33.3  33.4  32.9  41.0   0.6
  8. core22.hetzner.de                          0.0%  1000   36.0  36.2  35.7  52.8   0.8
  9. juniper3.rz12.hetzner.de                   0.0%  1000   35.5  36.3  35.3  68.1   3.5
 10. hos-tr2.ms-ex3k2.rz13.hetzner.de           0.0%  1000   37.5  37.2  36.4  43.1   0.7
 11. ???                                       100.0  1000    0.0   0.0   0.0   0.0   0.0
 12. h2t.preissler.me                           0.0%  1000   35.8  35.7  35.0  39.8   0.4
