HOST: alix                                      Loss%   Snt   Last   Avg  Best  Wrst StDev
  1. fritz.box                                  0.0%  1000    0.8   0.7   0.7   2.5   0.1
  2. 2003:0:1801:c201::1                        0.0%  1000   21.5  21.2  20.7  45.7   0.8
  3. 2003:0:1801:c218::2                        0.0%  1000   24.3  24.6  22.1  47.2   1.7
  4. 2003:0:1306:c000::1                        0.0%  1000   44.9  30.3  26.9 128.5  10.5
  5. 2003:0:1306:c008::2                       87.8%  1000   28.0  28.8  27.6  32.6   1.0
  6. ce-0-4-0-0.r03.frnkge03.de.ce.gin.ntt.net  0.0%  1000   44.5  43.5  33.4  75.7   7.5
  7. core4.hetzner.de                           0.1%  1000   46.3  42.7  32.9  87.8   7.4
  8. core22.hetzner.de                          0.0%  1000   48.9  45.6  35.9  87.3   7.3
  9. juniper3.rz12.hetzner.de                   0.0%  1000   49.5  45.5  35.5  81.7   7.8
 10. hos-tr2.ms-ex3k2.rz13.hetzner.de           0.0%  1000   53.6  46.4  36.6  64.3   7.3
 11. ???                                       100.0  1000    0.0   0.0   0.0   0.0   0.0
 12. h2t.preissler.me                           0.0%  1000   50.1  44.8  35.2  59.6   7.3
