HOST: alix                                      Loss%   Snt   Last   Avg  Best  Wrst StDev
  1. fritz.box                                  0.0%  1000    0.8   0.7   0.7   4.3   0.1
  2. 2003:0:1801:c201::1                        0.0%  1000   21.3  21.2  20.7  31.5   0.4
  3. 2003:0:1803:8318::2                        0.7%  1000   23.8  24.6  22.1  38.7   1.3
  4. 2003:0:1306:c000::1                        0.0%  1000   63.9  30.0  26.9  99.2   9.0
  5. 2003:0:1306:c008::2                       88.1%  1000  2163. 386.9  27.6 2217. 775.0
  6. ce-0-4-0-0.r03.frnkge03.de.ce.gin.ntt.net 11.7%  1000   34.1  34.2  33.4  56.2   2.1
  7. core4.hetzner.de                          10.4%  1000   33.3  33.4  32.9  42.4   0.8
  8. core22.hetzner.de                          9.7%  1000   36.7  36.3  35.7  44.5   0.7
  9. juniper3.rz12.hetzner.de                   0.0%  1000   36.7  36.8  35.2  91.7   5.0
 10. hos-tr2.ms-ex3k2.rz13.hetzner.de           0.0%  1000   37.5  37.3  36.4  54.2   1.0
 11. ???                                       100.0  1000    0.0   0.0   0.0   0.0   0.0
 12. h2t.preissler.me                           0.0%  1000   36.0  35.7  35.1  52.3   0.7
