HOST: alix                                      Loss%   Snt   Last   Avg  Best  Wrst StDev
  1. fritz.box                                  0.0%  1000    0.8   0.7   0.7   1.3   0.1
  2. 2003:0:1801:c201::1                        0.0%  1000   21.3  21.2  20.7  44.0   0.8
  3. 2003:0:1801:c218::2                        0.0%  1000   25.0  24.6  22.0  44.1   1.5
  4. 2003:0:1306:c000::1                        0.0%  1000   27.2  30.2  26.9  94.5   9.2
  5. 2003:0:1306:c008::2                       84.0%  1000  1995. 607.5  27.7 2309. 909.3
  6. ce-0-4-0-0.r03.frnkge03.de.ce.gin.ntt.net 12.7%  1000   33.7  34.1  33.4  56.4   2.0
  7. core4.hetzner.de                          14.5%  1000   33.5  33.4  32.9  56.6   1.1
  8. core22.hetzner.de                         10.0%  1000   36.4  36.3  35.7  57.8   1.4
  9. juniper3.rz12.hetzner.de                   0.0%  1000   35.5  36.3  35.2  68.4   3.3
 10. hos-tr2.ms-ex3k2.rz13.hetzner.de           0.0%  1000   37.8  37.3  36.5  60.4   1.1
 11. ???                                       100.0  1000    0.0   0.0   0.0   0.0   0.0
 12. h2t.preissler.me                           0.0%  1000   35.8  35.7  35.1  38.9   0.5
