HOST: alix                                      Loss%   Snt   Last   Avg  Best  Wrst StDev
  1. fritz.box                                  0.0%  1000    0.7   0.7   0.7   1.2   0.1
  2. 2003:0:1801:c201::1                        0.0%  1000   21.8  21.2  20.7  29.8   0.4
  3. 2003:0:1801:c218::2                        0.0%  1000   25.0  24.6  22.3  39.1   1.4
  4. 2003:0:1306:c000::1                        0.0%  1000   27.5  29.9  26.9  94.6   8.9
  5. 2003:0:1306:c008::2                       88.2%  1000   56.2  53.1  47.4  58.5   2.5
  6. ce-0-4-0-0.r03.frnkge03.de.ce.gin.ntt.net  0.0%  1000   33.4  34.1  33.4  56.5   2.1
  7. core4.hetzner.de                           0.0%  1000   33.3  33.4  32.9  41.6   0.7
  8. core22.hetzner.de                          0.0%  1000   36.7  36.1  35.7  45.4   0.7
  9. juniper3.rz12.hetzner.de                   0.0%  1000   35.9  36.0  35.2  65.6   2.6
 10. hos-tr2.ms-ex3k2.rz13.hetzner.de           0.0%  1000   37.6  37.2  36.4  45.9   0.8
 11. ???                                       100.0  1000    0.0   0.0   0.0   0.0   0.0
 12. h2t.preissler.me                           0.0%  1000   35.6  35.6  35.0  37.9   0.4
