HOST: alix                                      Loss%   Snt   Last   Avg  Best  Wrst StDev
  1. fritz.box                                  0.0%  1000    0.8   0.7   0.7   1.2   0.1
  2. 2003:0:1801:c201::1                        0.0%  1000   21.7  21.1  20.8  23.2   0.3
  3. 2003:0:1803:8318::2                        0.0%  1000   24.2  24.7  22.3  41.5   1.4
  4. 2003:0:1306:c000::1                        0.0%  1000   27.2  29.6  26.9  94.0   8.1
  5. 2003:0:1306:c008::2                       82.2%  1000   28.2  28.2  27.4  29.9   0.4
  6. ce-0-4-0-0.r03.frnkge03.de.ce.gin.ntt.net  0.0%  1000   34.0  34.0  33.3  56.5   1.9
  7. core4.hetzner.de                           0.0%  1000   33.2  33.3  32.9  40.0   0.4
  8. core22.hetzner.de                          0.0%  1000   36.6  36.2  35.7  49.1   1.0
  9. juniper3.rz12.hetzner.de                   0.0%  1000   45.5  36.3  35.2  63.9   2.9
 10. hos-tr2.ms-ex3k2.rz13.hetzner.de           0.0%  1000   37.4  37.8  36.3  45.9   1.0
 11. ???                                       100.0  1000    0.0   0.0   0.0   0.0   0.0
 12. h2t.preissler.me                           0.0%  1000   36.3  36.2  35.3  46.7   1.1
