HOST: alix                                      Loss%   Snt   Last   Avg  Best  Wrst StDev
  1. fritz.box                                  0.0%  1000    0.8   0.7   0.7   1.2   0.1
  2. 2003:0:1801:c201::1                        0.0%  1000   21.1  21.1  20.7  24.2   0.3
  3. 2003:0:1803:8318::2                        0.0%  1000   23.8  24.6  22.3  31.1   1.2
  4. 2003:0:1306:c000::1                        0.0%  1000   27.7  29.7  26.8  89.8   8.1
  5. 2003:0:1306:c008::2                       90.6%  1000   28.1  28.3  27.6  30.2   0.5
  6. ce-0-4-0-0.r03.frnkge03.de.ce.gin.ntt.net  0.0%  1000   33.9  34.3  33.4  58.6   2.8
  7. core4.hetzner.de                           0.0%  1000   33.8  33.9  33.3  43.1   0.8
  8. core22.hetzner.de                          0.0%  1000   36.0  35.9  35.4  45.5   0.7
  9. juniper3.rz12.hetzner.de                   0.0%  1000   35.8  36.9  35.3  68.5   3.1
 10. hos-tr2.ms-ex3k2.rz13.hetzner.de           0.0%  1000   38.9  37.9  36.4  45.7   1.1
 11. ???                                       100.0  1000    0.0   0.0   0.0   0.0   0.0
 12. h2t.preissler.me                           0.0%  1000   35.6  36.7  35.1  44.2   1.2
