HOST: alix                                      Loss%   Snt   Last   Avg  Best  Wrst StDev
  1. fritz.box                                  0.0%  1000    1.0   0.7   0.7   1.3   0.1
  2. 2003:0:1801:c201::1                        0.0%  1000   21.1  21.2  20.7  23.9   0.4
  3. 2003:0:1801:c218::2                        0.0%  1000   24.5  24.6  21.8  42.5   1.4
  4. 2003:0:1306:c000::1                        0.0%  1000   27.8  29.8  26.9 114.8   9.2
  5. 2003:0:1306:c008::2                       91.5%  1000   28.1  28.4  27.5  31.0   0.5
  6. ce-0-4-0-0.r03.frnkge03.de.ce.gin.ntt.net  0.0%  1000   33.8  34.0  33.3  55.4   1.9
  7. core4.hetzner.de                           0.0%  1000   33.3  33.3  32.9  42.3   0.8
  8. core22.hetzner.de                          0.0%  1000   37.1  36.2  35.7  52.5   1.0
  9. juniper3.rz12.hetzner.de                   0.0%  1000   35.8  36.3  35.1  67.0   3.8
 10. hos-tr2.ms-ex3k2.rz13.hetzner.de           0.0%  1000   38.7  37.1  36.4  45.5   0.6
 11. ???                                       100.0  1000    0.0   0.0   0.0   0.0   0.0
 12. h2t.preissler.me                           0.0%  1000   36.6  35.7  35.1  37.2   0.3
