HOST: alix                                      Loss%   Snt   Last   Avg  Best  Wrst StDev
  1. fritz.box                                  0.0%  1000    0.8   0.7   0.7   1.8   0.1
  2. 2003:0:1801:c201::1                        0.0%  1000   21.1  21.2  20.7  36.1   0.6
  3. 2003:0:1803:8318::2                        0.0%  1000   24.8  24.5  22.2  40.9   1.4
  4. 2003:0:1306:c000::1                        0.0%  1000   49.6  29.8  26.8  92.8   8.3
  5. 2003:0:1306:c008::2                       89.8%  1000   28.7  28.3  27.6  30.5   0.5
  6. ce-0-4-0-0.r03.frnkge03.de.ce.gin.ntt.net  0.0%  1000   34.1  34.0  33.3  56.9   2.0
  7. core4.hetzner.de                           0.0%  1000   34.0  33.8  33.4  43.6   0.7
  8. core22.hetzner.de                          0.0%  1000   35.6  35.9  35.4  49.0   0.9
  9. juniper3.rz12.hetzner.de                   0.0%  1000   42.7  40.0  35.2  73.0   4.7
 10. hos-tr2.ms-ex3k2.rz13.hetzner.de           0.0%  1000   63.5  45.9  37.0  75.6   5.0
 11. ???                                       100.0  1000    0.0   0.0   0.0   0.0   0.0
 12. h2t.preissler.me                           0.0%  1000   47.9  44.5  35.4  75.5   5.3
