HOST: alix                                      Loss%   Snt   Last   Avg  Best  Wrst StDev
  1. fritz.box                                  0.0%  1000    0.8   0.7   0.7   1.1   0.1
  2. 2003:0:1801:c201::1                        0.0%  1000   21.7  21.3  20.7  24.0   0.5
  3. 2003:0:1803:8318::2                        0.5%  1000   25.8  24.7  22.2  32.9   1.3
  4. 2003:0:1306:c000::1                        0.0%  1000   27.4  29.9  26.9  94.2   8.7
  5. 2003:0:1306:c008::2                       94.0%  1000   28.5  28.4  27.7  30.2   0.4
  6. ce-0-4-0-0.r03.frnkge03.de.ce.gin.ntt.net  0.1%  1000   43.8  48.3  33.8  74.4   7.3
  7. core4.hetzner.de                           0.0%  1000   42.5  47.3  33.0  63.4   6.9
  8. core22.hetzner.de                          0.0%  1000   44.7  50.2  35.9  65.6   7.0
  9. juniper3.rz12.hetzner.de                   0.1%  1000   43.2  50.3  35.1  82.4   7.6
 10. hos-tr2.ms-ex3k2.rz13.hetzner.de           0.1%  1000   45.0  51.1  36.5  66.6   7.0
 11. ???                                       100.0  1000    0.0   0.0   0.0   0.0   0.0
 12. h2t.preissler.me                           0.1%  1000   45.6  49.6  35.3  59.9   7.0
