HOST: alix                                      Loss%   Snt   Last   Avg  Best  Wrst StDev
  1. fritz.box                                  0.0%  1000    0.8   0.7   0.7   3.1   0.1
  2. 2003:0:1801:c201::1                        0.0%  1000   21.3  21.3  20.7  24.1   0.4
  3. 2003:0:1801:c218::2                        0.5%  1000   24.8  24.6  22.2  41.4   1.4
  4. 2003:0:1306:c000::1                        0.0%  1000   28.0  30.0  27.0 119.5   9.4
  5. 2003:0:1306:c008::2                       84.9%  1000   53.2  46.8  27.9  57.4   8.9
  6. ce-0-4-0-0.r03.frnkge03.de.ce.gin.ntt.net  0.0%  1000   34.0  34.4  33.3  57.9   2.3
  7. core4.hetzner.de                           0.0%  1000   33.5  33.5  32.9  43.8   0.9
  8. core22.hetzner.de                          0.0%  1000   35.8  36.4  35.7  45.8   0.9
  9. juniper3.rz12.hetzner.de                   0.0%  1000   36.3  36.4  35.3  66.1   3.3
 10. hos-tr2.ms-ex3k2.rz13.hetzner.de           0.0%  1000   37.2  37.4  36.5  46.2   1.0
 11. ???                                       100.0  1000    0.0   0.0   0.0   0.0   0.0
 12. h2t.preissler.me                           0.0%  1000   35.9  35.9  35.3  42.5   0.7
