HOST: alix                                      Loss%   Snt   Last   Avg  Best  Wrst StDev
  1. fritz.box                                  0.0%  1000    0.8   0.7   0.7   1.6   0.1
  2. 2003:0:1801:c201::1                        0.0%  1000   21.5  21.3  20.7  75.5   1.7
  3. 2003:0:1801:c218::2                        0.2%  1000   25.7  24.5  22.2  44.2   1.5
  4. 2003:0:1306:c000::1                        0.0%  1000   27.5  29.8  26.9  91.9   8.7
  5. 2003:0:1306:c008::2                       82.6%  1000   28.5  28.6  27.6  38.1   0.9
  6. ce-0-4-0-0.r03.frnkge03.de.ce.gin.ntt.net  0.0%  1000   34.3  34.6  33.4  56.2   2.0
  7. core4.hetzner.de                           0.0%  1000   34.1  34.0  32.9  50.5   1.9
  8. core22.hetzner.de                          0.0%  1000   36.5  37.0  35.6  51.8   2.0
  9. juniper3.rz12.hetzner.de                   0.0%  1000   35.7  37.0  35.2  73.7   3.5
 10. hos-tr2.ms-ex3k2.rz13.hetzner.de           0.0%  1000   37.2  38.0  36.4  51.5   2.1
 11. ???                                       100.0  1000    0.0   0.0   0.0   0.0   0.0
 12. h2t.preissler.me                           0.0%  1000   35.7  36.3  35.1  49.7   1.8
