HOST: alix                                      Loss%   Snt   Last   Avg  Best  Wrst StDev
  1. fritz.box                                  0.0%  1000    0.8   0.7   0.7   1.2   0.1
  2. 2003:0:1801:c201::1                        0.0%  1000   21.8  21.2  20.7  24.0   0.3
  3. 2003:0:1801:c218::2                        0.0%  1000   25.9  24.7  22.3  37.0   1.3
  4. 2003:0:1306:c000::1                        0.0%  1000   27.5  30.0  26.9  92.4   8.6
  5. 2003:0:1306:c008::2                       88.0%  1000   28.3  39.5  27.6  56.6  11.8
  6. ce-0-4-0-0.r03.frnkge03.de.ce.gin.ntt.net  0.0%  1000   33.8  33.9  33.3  56.8   1.6
  7. core4.hetzner.de                           0.0%  1000   33.8  33.5  32.8  42.8   0.8
  8. core22.hetzner.de                          0.0%  1000   36.5  36.1  35.7  45.1   0.7
  9. juniper3.rz12.hetzner.de                   0.0%  1000   35.9  36.1  35.2  75.5   2.9
 10. hos-tr2.ms-ex3k2.rz13.hetzner.de           0.0%  1000   37.0  37.2  36.5  46.3   1.0
 11. ???                                       100.0  1000    0.0   0.0   0.0   0.0   0.0
 12. h2t.preissler.me                           0.0%  1000   35.9  35.6  35.1  39.8   0.4
