HOST: alix                                      Loss%   Snt   Last   Avg  Best  Wrst StDev
  1. fritz.box                                  0.0%  1000    0.8   0.7   0.7   2.9   0.1
  2. 2003:0:1801:c201::1                        0.0%  1000   21.5  21.2  20.8  23.8   0.4
  3. 2003:0:1803:8318::2                        0.6%  1000   25.4  24.6  22.4  44.5   1.5
  4. 2003:0:1306:c000::1                        0.0%  1000   27.7  30.0  26.9  95.4   8.9
  5. 2003:0:1306:c008::2                       82.1%  1000   27.9 1231.  27.4 2378. 1084.6
  6. ce-0-4-0-0.r03.frnkge03.de.ce.gin.ntt.net 39.1%  1000   34.1  34.2  33.4  55.6   2.0
  7. core4.hetzner.de                          27.4%  1000   33.4  33.4  32.9  42.4   0.7
  8. core22.hetzner.de                         29.5%  1000   36.0  36.3  35.7  45.8   0.9
  9. juniper3.rz12.hetzner.de                   0.0%  1000   36.2  37.1  35.2  75.5   3.8
 10. hos-tr2.ms-ex3k2.rz13.hetzner.de           0.0%  1000   37.5  39.0  36.5  51.8   2.1
 11. ???                                       100.0  1000    0.0   0.0   0.0   0.0   0.0
 12. h2t.preissler.me                           0.0%  1000   36.8  37.0  35.2  43.3   1.3
