HOST: alix                                      Loss%   Snt   Last   Avg  Best  Wrst StDev
  1. fritz.box                                  0.0%  1000    0.7   0.7   0.7   6.9   0.3
  2. 2003:0:1801:c201::1                        0.1%  1000   21.4  23.8  20.7  84.9  10.7
  3. 2003:0:1803:8318::2                        0.0%  1000   23.8  27.1  22.3  89.0  10.1
  4. 2003:0:1306:c000::1                        0.0%  1000   27.4  32.6  26.9 133.5  13.7
  5. 2003:0:1306:c008::2                       89.3%  1000   29.9  33.2  28.0  94.3  15.2
  6. ce-0-4-0-0.r03.frnkge03.de.ce.gin.ntt.net  0.0%  1000   33.0  36.3  32.8 108.7  11.2
  7. core4.hetzner.de                           0.0%  1000   34.4  36.5  33.1  99.7  11.3
  8. core21.hetzner.de                          0.0%  1000   35.4  38.5  34.8 100.1  11.3
  9. juniper3.rz10.hetzner.de                   0.0%  1000   36.1  39.0  35.2  99.2  11.3
 10. hos-tr3.ms-ex3k2.rz13.hetzner.de           0.0%  1000   37.4  40.3  36.6 101.6  10.9
 11. ???                                       100.0  1000    0.0   0.0   0.0   0.0   0.0
 12. h2t.preissler.me                           0.0%  1000   36.1  38.1  34.9 103.3  11.1
