HOST: alix                                      Loss%   Snt   Last   Avg  Best  Wrst StDev
  1. fritz.box                                  0.0%  1000    0.8   0.7   0.7   1.2   0.1
  2. 2003:0:1801:c201::1                        0.0%  1000   21.4  21.2  20.7  23.5   0.3
  3. 2003:0:1803:8318::2                        0.0%  1000   26.4  24.5  22.3  40.8   1.4
  4. 2003:0:1306:c000::1                        0.0%  1000   27.4  30.1  26.9  93.5   9.6
  5. 2003:0:1306:c008::2                       89.5%  1000   28.5  28.3  27.6  30.0   0.4
  6. ce-0-4-0-0.r03.frnkge03.de.ce.gin.ntt.net  0.0%  1000   33.7  34.1  33.4  55.3   1.8
  7. core4.hetzner.de                           0.0%  1000   33.8  33.9  33.4  41.6   0.6
  8. core22.hetzner.de                          0.0%  1000   35.6  36.0  35.4  58.8   1.6
  9. juniper3.rz12.hetzner.de                   0.0%  1000   36.1  36.1  35.2  67.5   3.0
 10. hos-tr2.ms-ex3k2.rz13.hetzner.de           0.0%  1000   37.3  37.3  36.4  43.6   0.8
 11. ???                                       100.0  1000    0.0   0.0   0.0   0.0   0.0
 12. h2t.preissler.me                           0.0%  1000   35.9  35.7  35.0  37.9   0.4
