HOST: alix                                      Loss%   Snt   Last   Avg  Best  Wrst StDev
  1. fritz.box                                  0.0%  1000    0.8   0.7   0.7   1.2   0.1
  2. 2003:0:1801:c201::1                        0.0%  1000   21.1  21.2  20.7  23.9   0.4
  3. 2003:0:1801:c218::2                        0.0%  1000   24.2  24.6  22.3  35.9   1.3
  4. 2003:0:1306:c000::1                        0.0%  1000   27.8  29.8  26.9  98.0   8.1
  5. 2003:0:1306:c008::2                       91.0%  1000   27.6  28.3  27.3  30.0   0.4
  6. ce-0-4-0-0.r03.frnkge03.de.ce.gin.ntt.net  0.0%  1000   33.9  34.2  33.3  59.6   2.6
  7. core4.hetzner.de                           0.0%  1000   33.9  33.8  33.3  42.1   0.6
  8. core22.hetzner.de                          0.0%  1000   37.0  36.1  35.5  45.4   0.9
  9. juniper3.rz12.hetzner.de                   0.0%  1000   43.7  39.7  35.2  73.3   4.7
 10. hos-tr2.ms-ex3k2.rz13.hetzner.de           0.0%  1000   44.8  44.8  36.7  62.5   4.8
 11. ???                                       100.0  1000    0.0   0.0   0.0   0.0   0.0
 12. h2t.preissler.me                           0.0%  1000   37.7  44.5  35.5  66.7   6.2
