HOST: alix                                      Loss%   Snt   Last   Avg  Best  Wrst StDev
  1. fritz.box                                  0.0%  1000    0.8   0.7   0.7   1.3   0.1
  2. 2003:0:1801:c201::1                        0.0%  1000   21.4  21.2  20.7  29.3   0.4
  3. 2003:0:1801:c218::2                        0.0%  1000   26.7  24.6  22.4  47.4   1.5
  4. 2003:0:1306:c000::1                        0.0%  1000   27.8  30.4  26.8  93.7  10.1
  5. 2003:0:1306:c008::2                       88.1%  1000   28.0  28.5  27.4  45.0   1.6
  6. ce-0-4-0-0.r03.frnkge03.de.ce.gin.ntt.net  0.0%  1000   34.0  34.0  33.3  55.1   1.9
  7. core4.hetzner.de                           0.0%  1000   33.7  33.4  32.9  51.4   1.1
  8. core22.hetzner.de                          2.7%  1000   36.0  36.2  35.7  43.4   0.7
  9. juniper3.rz12.hetzner.de                   0.0%  1000   35.5  36.0  35.2  59.9   2.1
 10. hos-tr2.ms-ex3k2.rz13.hetzner.de           0.0%  1000   37.1  37.1  36.2  43.6   0.7
 11. ???                                       100.0  1000    0.0   0.0   0.0   0.0   0.0
 12. h2t.preissler.me                           0.0%  1000   35.8  35.7  35.0  38.0   0.4
