HOST: alix                                      Loss%   Snt   Last   Avg  Best  Wrst StDev
  1. fritz.box                                  0.0%  1000    0.8   0.7   0.7  17.7   0.5
  2. 2003:0:1801:c201::1                        0.0%  1000   21.7  21.2  20.7  25.5   0.4
  3. 2003:0:1801:c218::2                        0.0%  1000   24.5  24.6  22.2  31.9   1.3
  4. 2003:0:1306:c000::1                        0.0%  1000   27.4  30.1  26.9  97.0   9.1
  5. 2003:0:1306:c008::2                       90.2%  1000   28.5  28.4  27.6  36.4   0.9
  6. ce-0-4-0-0.r03.frnkge03.de.ce.gin.ntt.net  0.0%  1000   34.0  33.9  33.3  55.5   1.8
  7. core4.hetzner.de                           0.0%  1000   33.7  33.8  33.3  43.2   0.7
  8. core22.hetzner.de                          0.0%  1000   36.2  36.1  35.5  56.0   1.2
  9. juniper3.rz12.hetzner.de                   0.0%  1000   37.0  40.7  35.4  73.7   5.4
 10. hos-tr2.ms-ex3k2.rz13.hetzner.de           0.0%  1000   50.1  46.7  37.1  73.7   6.1
 11. ???                                       100.0  1000    0.0   0.0   0.0   0.0   0.0
 12. h2t.preissler.me                           0.0%  1000   52.2  46.6  35.6  85.8   8.0
