HOST: alix                                      Loss%   Snt   Last   Avg  Best  Wrst StDev
  1. fritz.box                                  0.0%  1000    0.8   0.7   0.7  10.2   0.3
  2. 2003:0:1801:c201::1                        0.0%  1000   21.7  21.1  20.6  37.7   0.6
  3. 2003:0:1803:8318::2                        0.0%  1000   25.7  24.6  22.1  44.0   1.4
  4. 2003:0:1306:c000::1                        0.0%  1000   27.5  29.9  26.9 112.1   8.7
  5. 2003:0:1306:c008::2                       90.9%  1000   28.7  28.2  27.4  29.9   0.5
  6. ce-0-4-0-0.r03.frnkge03.de.ce.gin.ntt.net  0.0%  1000   40.5  34.0  33.4  57.6   2.0
  7. core4.hetzner.de                           0.0%  1000   34.5  34.0  33.4  58.6   2.2
  8. core22.hetzner.de                          0.0%  1000   36.7  35.9  35.4  44.8   0.6
  9. juniper3.rz12.hetzner.de                   0.0%  1000   35.7  36.1  35.2  67.4   3.1
 10. hos-tr2.ms-ex3k2.rz13.hetzner.de           0.0%  1000   40.2  37.2  36.3  44.8   0.8
 11. ???                                       100.0  1000    0.0   0.0   0.0   0.0   0.0
 12. h2t.preissler.me                           0.0%  1000   36.0  35.6  35.1  40.5   0.4
