HOST: alix                                      Loss%   Snt   Last   Avg  Best  Wrst StDev
  1. fritz.box                                  0.0%  1000    0.9   0.7   0.7   1.3   0.1
  2. 2003:0:1801:c201::1                        0.0%  1000   21.3  21.2  20.7  30.9   0.4
  3. 2003:0:1803:8318::2                        0.0%  1000   25.8  24.6  22.1  28.0   1.3
  4. 2003:0:1306:c000::1                        0.0%  1000   27.8  29.7  26.9 108.5   8.8
  5. 2003:0:1306:c008::2                       89.0%  1000   27.9 260.3  27.6 2209. 656.9
  6. ce-0-4-0-0.r03.frnkge03.de.ce.gin.ntt.net  6.0%  1000   33.9  34.1  33.3  56.8   2.1
  7. core4.hetzner.de                           3.8%  1000   33.3  33.4  32.9  41.4   0.7
  8. core22.hetzner.de                          6.0%  1000   36.5  36.3  35.7  43.2   0.7
  9. juniper3.rz12.hetzner.de                   0.0%  1000   39.2  36.2  35.2  78.2   3.4
 10. hos-tr2.ms-ex3k2.rz13.hetzner.de           0.0%  1000   36.8  37.2  36.4  49.5   0.8
 11. ???                                       100.0  1000    0.0   0.0   0.0   0.0   0.0
 12. h2t.preissler.me                           0.0%  1000   36.5  35.7  35.0  38.9   0.4
