HOST: alix                                      Loss%   Snt   Last   Avg  Best  Wrst StDev
  1. fritz.box                                  0.0%  1000    0.8   0.7   0.7   1.6   0.1
  2. 2003:0:1801:c201::1                        0.0%  1000   21.2  21.2  20.8  24.0   0.4
  3. 2003:0:1801:c218::2                        0.0%  1000   23.1  24.6  22.3  28.1   1.2
  4. 2003:0:1306:c000::1                        0.0%  1000   27.8  29.7  26.9  96.1   8.8
  5. 2003:0:1306:c008::2                       90.8%  1000   28.8  31.1  27.7  47.7   4.0
  6. ce-0-4-0-0.r03.frnkge03.de.ce.gin.ntt.net  0.0%  1000   33.8  34.0  33.3  55.8   2.0
  7. core4.hetzner.de                           0.0%  1000   34.0  33.8  33.3  41.5   0.5
  8. core22.hetzner.de                          0.0%  1000   35.9  35.9  35.5  46.5   0.7
  9. juniper3.rz12.hetzner.de                   0.0%  1000   36.4  36.0  35.2  62.7   2.4
 10. hos-tr2.ms-ex3k2.rz13.hetzner.de           0.0%  1000   37.5  37.2  36.5  45.6   0.7
 11. ???                                       100.0  1000    0.0   0.0   0.0   0.0   0.0
 12. h2t.preissler.me                           0.0%  1000   35.7  35.6  35.1  37.8   0.4
