HOST: alix                                      Loss%   Snt   Last   Avg  Best  Wrst StDev
  1. fritz.box                                  0.0%  1000    0.8   0.7   0.7   1.1   0.1
  2. 2003:0:1801:c201::1                        0.0%  1000   21.3  21.2  20.7  24.3   0.3
  3. 2003:0:1801:c218::2                        0.0%  1000   24.4  24.6  22.0  51.0   1.9
  4. 2003:0:1306:c000::1                        0.0%  1000   27.4  30.2  27.0  97.8  10.1
  5. 2003:0:1306:c008::2                       69.3%  1000   93.8  92.2  54.7 114.9  15.5
  6. ce-0-4-0-0.r03.frnkge03.de.ce.gin.ntt.net  0.9%  1000  120.9 118.3  80.4 160.2  15.8
  7. core4.hetzner.de                           1.1%  1000  121.3 117.3  79.2 146.5  15.8
  8. core22.hetzner.de                          2.1%  1000  123.5 122.0  81.0 2140.  66.5
  9. juniper3.rz12.hetzner.de                   1.3%  1000  121.3 119.8  81.6 164.7  16.3
 10. hos-tr2.ms-ex3k2.rz13.hetzner.de           1.2%  1000  123.2 120.7  82.0 157.7  16.0
 11. ???                                       100.0  1000    0.0   0.0   0.0   0.0   0.0
 12. h2t.preissler.me                           1.1%  1000  120.2 119.3  79.1 144.0  15.9
