HOST: alix                                      Loss%   Snt   Last   Avg  Best  Wrst StDev
  1. fritz.box                                  0.0%  1000    0.8   0.7   0.7   2.2   0.1
  2. 2003:0:1801:c201::1                        0.0%  1000   21.5  21.3  20.7  39.6   0.7
  3. 2003:0:1803:8318::2                        0.0%  1000   25.7  24.6  22.2  38.9   1.4
  4. 2003:0:1306:c000::1                        0.0%  1000   27.5  30.1  26.8  98.1   9.8
  5. 2003:0:1306:c008::2                       89.6%  1000   29.5  28.7  27.7  33.1   0.8
  6. ce-0-4-0-0.r03.frnkge03.de.ce.gin.ntt.net  0.0%  1000   33.8  34.1  33.3  55.2   2.1
  7. core4.hetzner.de                           0.0%  1000   33.3  33.4  32.9  42.1   0.8
  8. core22.hetzner.de                          0.0%  1000   36.5  36.6  35.7  53.2   1.8
  9. juniper3.rz12.hetzner.de                   0.0%  1000   36.0  36.1  35.2  68.8   2.7
 10. hos-tr2.ms-ex3k2.rz13.hetzner.de           0.0%  1000   37.7  37.2  36.4  45.6   0.8
 11. ???                                       100.0  1000    0.0   0.0   0.0   0.0   0.0
 12. h2t.preissler.me                           0.0%  1000   35.8  35.7  35.0  51.7   0.7
