HOST: alix                                      Loss%   Snt   Last   Avg  Best  Wrst StDev
  1. fritz.box                                  0.0%  1000    0.7   0.7   0.7   1.5   0.1
  2. 2003:0:1801:c201::1                        0.0%  1000   21.7  21.1  20.7  23.8   0.3
  3. 2003:0:1801:c218::2                        0.0%  1000   24.4  24.6  22.3  38.5   1.4
  4. 2003:0:1306:c000::1                        0.0%  1000   65.3  30.2  26.9  90.7   8.9
  5. 2003:0:1306:c008::2                       83.9%  1000   28.6  28.3  27.5  29.9   0.4
  6. ce-0-4-0-0.r03.frnkge03.de.ce.gin.ntt.net  0.0%  1000   33.9  33.9  33.3  55.9   1.9
  7. core4.hetzner.de                           0.0%  1000   33.1  33.3  32.8  44.4   0.8
  8. core22.hetzner.de                          0.0%  1000   36.1  36.1  35.6  45.2   0.6
  9. juniper3.rz12.hetzner.de                   0.0%  1000   35.7  36.0  35.2  68.6   2.9
 10. hos-tr2.ms-ex3k2.rz13.hetzner.de           0.0%  1000   37.5  37.1  36.5  46.0   0.8
 11. ???                                       100.0  1000    0.0   0.0   0.0   0.0   0.0
 12. h2t.preissler.me                           0.0%  1000   35.4  35.6  35.0  37.6   0.3
