HOST: alix                                      Loss%   Snt   Last   Avg  Best  Wrst StDev
  1. fritz.box                                  0.0%  1000    0.8   0.7   0.7   4.1   0.2
  2. 2003:0:1801:c201::1                        0.0%  1000   21.3  21.3  20.8  32.0   0.6
  3. 2003:0:1803:8318::2                        0.0%  1000   22.8  24.6  22.1  29.9   1.2
  4. 2003:0:1306:c000::1                        0.0%  1000   27.3  29.9  26.9 119.1   9.3
  5. 2003:0:1306:c008::2                       81.1%  1000   29.0  36.4  27.8  56.1   7.8
  6. ce-0-4-0-0.r03.frnkge03.de.ce.gin.ntt.net  1.1%  1000   54.8  62.1  51.1  97.8   6.7
  7. core4.hetzner.de                           0.7%  1000   55.6  61.3  50.9  86.1   6.4
  8. core22.hetzner.de                          0.5%  1000   59.0  64.2  54.2  87.9   6.4
  9. juniper3.rz12.hetzner.de                   0.4%  1000   58.4  64.1  52.2 101.2   6.8
 10. hos-tr2.ms-ex3k2.rz13.hetzner.de           0.6%  1000   59.8  65.2  53.8  89.9   6.4
 11. ???                                       100.0  1000    0.0   0.0   0.0   0.0   0.0
 12. h2t.preissler.me                           0.7%  1000   55.7  63.6  51.5 113.4   6.5
