HOST: alix                                      Loss%   Snt   Last   Avg  Best  Wrst StDev
  1. fritz.box                                  0.0%  1000    0.8   0.7   0.7   8.8   0.3
  2. 2003:0:1801:c201::1                        0.0%  1000   21.4  21.2  20.7  31.2   0.5
  3. 2003:0:1803:8318::2                        0.0%  1000   26.0  24.6  22.3  36.0   1.3
  4. 2003:0:1306:c000::1                        0.0%  1000   27.4  29.8  26.9  95.2   8.5
  5. 2003:0:1306:c008::2                       91.5%  1000   28.3  28.4  27.5  30.2   0.6
  6. ce-0-4-0-0.r03.frnkge03.de.ce.gin.ntt.net  0.2%  1000   49.0  49.3  33.5  74.2   6.1
  7. core4.hetzner.de                           0.0%  1000   50.3  49.2  33.8  74.9   6.2
  8. core22.hetzner.de                          0.0%  1000   51.6  51.0  35.8  61.4   5.8
  9. juniper3.rz12.hetzner.de                   0.1%  1000   49.9  51.6  35.5  90.9   6.9
 10. hos-tr2.ms-ex3k2.rz13.hetzner.de           0.2%  1000   51.5  52.9  36.9  68.2   6.2
 11. ???                                       100.0  1000    0.0   0.0   0.0   0.0   0.0
 12. h2t.preissler.me                           0.3%  1000   51.3  51.6  35.5  63.9   6.1
