HOST: alix                                      Loss%   Snt   Last   Avg  Best  Wrst StDev
  1. fritz.box                                  0.0%  1000    0.7   0.7   0.7   3.0   0.1
  2. 2003:0:1801:c201::1                        0.0%  1000   21.2  21.2  20.7  33.2   0.5
  3. 2003:0:1801:c218::2                        0.0%  1000   25.9  24.5  22.0  34.6   1.4
  4. 2003:0:1306:c000::1                        0.0%  1000   27.9  29.7  26.9  94.9   8.8
  5. 2003:0:1306:c008::2                       88.7%  1000   28.2  28.9  27.5  34.1   1.2
  6. ce-0-4-0-0.r03.frnkge03.de.ce.gin.ntt.net  0.0%  1000   33.8  46.0  33.5  82.6   8.2
  7. core4.hetzner.de                           0.2%  1000   34.4  45.6  33.4  64.2   7.8
  8. core22.hetzner.de                          0.0%  1000   36.7  47.8  35.4  63.5   7.7
  9. juniper3.rz12.hetzner.de                   0.0%  1000   36.1  47.9  35.3  80.1   8.3
 10. hos-tr2.ms-ex3k2.rz13.hetzner.de           0.1%  1000   38.2  48.9  36.7  66.4   7.8
 11. ???                                       100.0  1000    0.0   0.0   0.0   0.0   0.0
 12. h2t.preissler.me                           0.5%  1000   36.2  47.7  35.2  65.3   7.8
