HOST: alix                                      Loss%   Snt   Last   Avg  Best  Wrst StDev
  1. fritz.box                                  0.0%  1000    0.8   0.7   0.7   6.0   0.2
  2. 2003:0:1801:c201::1                        0.0%  1000   21.3  24.8  20.7  80.4   5.3
  3. 2003:0:1803:8318::2                        0.0%  1000   25.7  28.5  22.3  70.8   5.8
  4. 2003:0:1306:c000::1                        0.0%  1000   27.5  34.1  26.9 128.6  11.4
  5. 2003:0:1306:c008::2                       89.3%  1000   28.4  31.5  27.6  42.9   4.3
  6. ce-0-4-0-0.r03.frnkge03.de.ce.gin.ntt.net  0.2%  1000   56.3  58.7  35.2 115.0   6.9
  7. core4.hetzner.de                           0.5%  1000   56.1  57.9  34.4 104.4   6.7
  8. core22.hetzner.de                          0.2%  1000   58.0  60.7  37.3 101.9   6.5
  9. juniper3.rz12.hetzner.de                   0.2%  1000   58.7  60.5  35.6  96.9   6.8
 10. hos-tr2.ms-ex3k2.rz13.hetzner.de           0.3%  1000   59.5  63.8  38.3 2074.  64.1
 11. ???                                       100.0  1000    0.0   0.0   0.0   0.0   0.0
 12. h2t.preissler.me                           0.2%  1000   58.0  60.3  39.4 109.3   6.8
