HOST: alix                                      Loss%   Snt   Last   Avg  Best  Wrst StDev
  1. fritz.box                                  0.0%  1000    0.7   0.7   0.7   1.8   0.1
  2. 2003:0:1801:c201::1                        0.0%  1000   21.2  21.2  20.7  27.5   0.5
  3. 2003:0:1801:c218::2                        0.0%  1000   25.8  24.7  22.1  42.3   1.6
  4. 2003:0:1306:c000::1                        0.0%  1000   27.7  29.5  26.8  97.2   8.7
  5. 2003:0:1306:c008::2                       93.2%  1000   28.3  28.6  27.8  34.7   1.0
  6. ce-0-4-0-0.r03.frnkge03.de.ce.gin.ntt.net  0.0%  1000   33.8  34.2  33.4  57.3   2.2
  7. core4.hetzner.de                           0.0%  1000   33.4  33.4  32.7  46.8   0.8
  8. core22.hetzner.de                          0.0%  1000   36.0  36.2  35.7  45.5   0.9
  9. juniper3.rz12.hetzner.de                   0.0%  1000   39.6  41.7  35.5  78.7   5.8
 10. hos-tr2.ms-ex3k2.rz13.hetzner.de           0.0%  1000   50.2  47.8  37.5  74.6   5.6
 11. ???                                       100.0  1000    0.0   0.0   0.0   0.0   0.0
 12. h2t.preissler.me                           0.0%  1000   45.4  48.1  35.6  95.4   9.7
