HOST: alix                                      Loss%   Snt   Last   Avg  Best  Wrst StDev
  1. fritz.box                                  0.0%  1000    0.7   0.7   0.7   1.2   0.1
  2. 2003:0:1801:c201::1                        0.0%  1000   21.1  21.1  20.7  24.2   0.3
  3. 2003:0:1803:8318::2                        0.0%  1000   23.4  24.6  22.4  50.9   1.5
  4. 2003:0:1306:c000::1                        0.0%  1000   27.8  29.6  26.9  87.5   8.3
  5. 2003:0:1306:c008::2                       87.5%  1000   29.1  28.3  27.6  30.2   0.4
  6. ce-0-4-0-0.r03.frnkge03.de.ce.gin.ntt.net  0.0%  1000   34.0  33.9  33.3  57.2   1.7
  7. core4.hetzner.de                           0.0%  1000   35.0  33.3  32.9  53.1   1.3
  8. core22.hetzner.de                          0.0%  1000   36.6  36.1  35.6  44.9   0.8
  9. juniper3.rz12.hetzner.de                   0.0%  1000   35.8  36.2  35.2  59.5   2.4
 10. hos-tr2.ms-ex3k2.rz13.hetzner.de           0.0%  1000   36.4  37.4  36.3  43.6   0.8
 11. ???                                       100.0  1000    0.0   0.0   0.0   0.0   0.0
 12. h2t.preissler.me                           0.0%  1000   36.2  35.9  35.1  38.9   0.6
