HOST: alix                                      Loss%   Snt   Last   Avg  Best  Wrst StDev
  1. fritz.box                                  0.0%  1000    0.8   0.7   0.7   1.6   0.1
  2. 2003:0:1801:c201::1                        0.0%  1000   21.4  21.1  20.7  23.8   0.3
  3. 2003:0:1801:c218::2                        0.0%  1000   25.4  24.7  22.3  39.2   1.4
  4. 2003:0:1306:c000::1                        0.0%  1000   27.4  29.9  26.9  94.4   9.0
  5. 2003:0:1306:c008::2                       83.4%  1000   28.0  28.3  27.6  30.5   0.5
  6. ce-0-4-0-0.r03.frnkge03.de.ce.gin.ntt.net  0.0%  1000   47.2  34.1  33.3  57.1   2.5
  7. core4.hetzner.de                           0.0%  1000   33.7  33.4  32.8  49.4   1.0
  8. core22.hetzner.de                          0.0%  1000   36.2  36.2  35.6  44.9   0.7
  9. juniper3.rz12.hetzner.de                   0.0%  1000   35.9  36.3  35.2  67.6   3.1
 10. hos-tr2.ms-ex3k2.rz13.hetzner.de           0.0%  1000   37.4  37.5  36.4  45.5   1.0
 11. ???                                       100.0  1000    0.0   0.0   0.0   0.0   0.0
 12. h2t.preissler.me                           0.0%  1000   36.4  36.0  35.1  40.0   0.7
