HOST: alix                                      Loss%   Snt   Last   Avg  Best  Wrst StDev
  1. fritz.box                                  0.0%  1000    0.8   0.7   0.7   1.1   0.1
  2. 2003:0:1801:c201::1                        0.0%  1000   21.7  21.2  20.7  23.8   0.3
  3. 2003:0:1801:c218::2                        0.0%  1000   23.1  24.6  22.2  39.1   1.3
  4. 2003:0:1306:c000::1                        0.0%  1000   27.5  29.7  26.9 111.5   9.0
  5. 2003:0:1306:c008::2                       94.2%  1000   28.5  28.3  27.4  29.7   0.4
  6. ce-0-4-0-0.r03.frnkge03.de.ce.gin.ntt.net  0.1%  1000   56.3  49.9  33.9  71.9   5.2
  7. core4.hetzner.de                           0.1%  1000   55.5  49.1  33.1  70.2   5.0
  8. core22.hetzner.de                          0.1%  1000   55.6  51.9  36.2  65.6   4.8
  9. juniper3.rz12.hetzner.de                   0.0%  1000   52.8  51.9  35.6  85.4   5.4
 10. hos-tr2.ms-ex3k2.rz13.hetzner.de           0.0%  1000   54.4  53.3  37.1  62.7   4.8
 11. ???                                       100.0  1000    0.0   0.0   0.0   0.0   0.0
 12. h2t.preissler.me                           0.0%  1000   56.8  51.7  35.7  65.2   5.0
