HOST: alix                                      Loss%   Snt   Last   Avg  Best  Wrst StDev
  1. fritz.box                                  0.0%  1000    0.8   0.7   0.7   3.0   0.1
  2. 2003:0:1801:c201::1                        0.0%  1000   21.7  21.2  20.7  23.1   0.3
  3. 2003:0:1801:c218::2                        0.3%  1000   26.7  24.5  22.2  46.9   1.5
  4. 2003:0:1306:c000::1                        0.0%  1000   27.7  30.3  26.9 116.4   9.9
  5. 2003:0:1306:c008::2                       79.5%  1000   29.7  40.0  28.1  58.3   7.6
  6. ce-0-4-0-0.r03.frnkge03.de.ce.gin.ntt.net  0.2%  1000   56.7  58.7  37.2  94.0   8.1
  7. core4.hetzner.de                           0.4%  1000   56.2  58.0  36.0  90.4   8.0
  8. core22.hetzner.de                          0.3%  1000   65.7  60.9  41.4  91.8   8.0
  9. juniper3.rz12.hetzner.de                   0.2%  1000   62.1  60.8  38.7 111.6   8.5
 10. hos-tr2.ms-ex3k2.rz13.hetzner.de           0.4%  1000   58.6  61.9  39.6  95.1   8.1
 11. ???                                       100.0  1000    0.0   0.0   0.0   0.0   0.0
 12. h2t.preissler.me                           0.5%  1000   64.4  60.2  36.0  90.8   8.0
