HOST: alix                                      Loss%   Snt   Last   Avg  Best  Wrst StDev
  1. fritz.box                                  0.0%  1000    0.7   0.7   0.7   1.3   0.1
  2. 2003:0:1801:c201::1                        0.0%  1000   21.3  21.3  20.7  24.7   0.4
  3. 2003:0:1801:c218::2                        0.0%  1000   23.3  24.6  22.1  42.0   1.5
  4. 2003:0:1306:c000::1                        0.0%  1000   27.1  29.9  26.9 120.8   9.5
  5. 2003:0:1306:c008::2                       79.6%  1000   29.4  37.6  27.6  53.2   6.9
  6. ce-0-4-0-0.r03.frnkge03.de.ce.gin.ntt.net  0.2%  1000   53.2  65.1  36.9  96.6   7.5
  7. core4.hetzner.de                           0.3%  1000   51.6  64.1  36.6  95.4   7.3
  8. core22.hetzner.de                          0.2%  1000   57.9  66.9  38.8  84.8   7.2
  9. juniper3.rz12.hetzner.de                   0.5%  1000   55.6  67.0  38.1 109.7   7.8
 10. hos-tr2.ms-ex3k2.rz13.hetzner.de           0.5%  1000   57.6  68.2  41.9  88.7   7.1
 11. ???                                       100.0  1000    0.0   0.0   0.0   0.0   0.0
 12. h2t.preissler.me                           0.1%  1000   52.8  66.6  36.0  82.8   7.0
