HOST: alix                                      Loss%   Snt   Last   Avg  Best  Wrst StDev
  1. fritz.box                                  0.0%  1000    0.7   0.7   0.7   1.1   0.1
  2. 2003:0:1801:c201::1                        0.0%  1000   21.4  21.2  20.7  24.6   0.4
  3. 2003:0:1801:c218::2                        0.0%  1000   23.8  24.6  22.1  36.8   1.3
  4. 2003:0:1306:c000::1                        0.0%  1000   27.6  29.7  26.9 103.4   8.6
  5. 2003:0:1306:c008::2                       88.3%  1000   28.1  28.4  27.6  31.7   0.6
  6. ce-0-4-0-0.r03.frnkge03.de.ce.gin.ntt.net  0.0%  1000   34.0  34.0  33.3  55.6   1.9
  7. core4.hetzner.de                           0.0%  1000   33.7  33.3  32.7  42.1   0.6
  8. core22.hetzner.de                          0.0%  1000   35.7  36.1  35.7  44.9   0.7
  9. juniper3.rz12.hetzner.de                   0.0%  1000   36.5  39.7  35.4  85.6   4.6
 10. hos-tr2.ms-ex3k2.rz13.hetzner.de           0.0%  1000   50.9  44.8  36.6  69.6   5.2
 11. ???                                       100.0  1000    0.0   0.0   0.0   0.0   0.0
 12. h2t.preissler.me                           0.0%  1000   36.6  43.0  35.6  66.6   4.9
