HOST: alix                                      Loss%   Snt   Last   Avg  Best  Wrst StDev
  1. fritz.box                                  0.0%  1000    0.8   0.7   0.7   1.4   0.1
  2. 2003:0:1801:c201::1                        0.0%  1000   22.4  21.2  20.7  24.9   0.4
  3. 2003:0:1801:c218::2                        0.0%  1000   24.5  24.5  22.2  35.2   1.3
  4. 2003:0:1306:c000::1                        0.0%  1000   27.6  30.1  26.9  90.5   8.9
  5. 2003:0:1306:c008::2                       90.4%  1000   27.9  28.4  27.8  29.9   0.5
  6. ce-0-4-0-0.r03.frnkge03.de.ce.gin.ntt.net  0.0%  1000   34.4  34.5  33.4  53.9   2.1
  7. core4.hetzner.de                           0.0%  1000   33.5  33.8  32.9  46.7   1.5
  8. core22.hetzner.de                          0.0%  1000   36.2  36.7  35.7  49.7   1.5
  9. juniper3.rz12.hetzner.de                   0.0%  1000   36.6  36.9  35.3  65.2   3.1
 10. hos-tr2.ms-ex3k2.rz13.hetzner.de           0.0%  1000   39.7  39.8  36.2  57.2   2.9
 11. ???                                       100.0  1000    0.0   0.0   0.0   0.0   0.0
 12. h2t.preissler.me                           0.0%  1000   38.1  37.5  35.3  53.9   2.1
