HOST: alix                                      Loss%   Snt   Last   Avg  Best  Wrst StDev
  1. fritz.box                                  0.0%  1000    0.8   0.7   0.7   1.3   0.1
  2. 2003:0:1801:c201::1                        0.0%  1000   21.8  21.2  20.7  23.9   0.4
  3. 2003:0:1801:c218::2                        0.0%  1000   26.0  24.8  22.2  41.4   1.4
  4. 2003:0:1306:c000::1                        0.0%  1000   27.9  29.9  26.9  94.4   9.3
  5. 2003:0:1306:c008::2                       91.3%  1000   28.3  29.4  27.8  46.5   3.1
  6. ce-0-4-0-0.r03.frnkge03.de.ce.gin.ntt.net  0.0%  1000   35.1  34.1  33.3  56.5   2.3
  7. core4.hetzner.de                           0.0%  1000   33.0  33.3  32.9  42.3   0.8
  8. core22.hetzner.de                          0.0%  1000   36.6  36.1  35.6  43.6   0.7
  9. juniper3.rz12.hetzner.de                   0.0%  1000   35.6  36.1  35.2  70.9   3.1
 10. hos-tr2.ms-ex3k2.rz13.hetzner.de           0.0%  1000   37.2  37.5  36.4  49.8   1.3
 11. ???                                       100.0  1000    0.0   0.0   0.0   0.0   0.0
 12. h2t.preissler.me                           0.0%  1000   36.1  35.6  35.1  39.8   0.4
