HOST: alix                                      Loss%   Snt   Last   Avg  Best  Wrst StDev
  1. fritz.box                                  0.0%  1000    0.7   0.7   0.7   2.4   0.1
  2. 2003:0:1801:c201::1                        0.0%  1000   21.3  21.3  20.7  34.1   0.6
  3. 2003:0:1801:c218::2                        0.0%  1000   26.4  24.6  22.3  64.2   2.1
  4. 2003:0:1306:c000::1                        0.0%  1000   27.7  30.1  26.8  89.2   9.2
  5. 2003:0:1306:c008::2                       86.5%  1000   55.6  43.8  27.4  60.2  11.0
  6. ce-0-4-0-0.r03.frnkge03.de.ce.gin.ntt.net  0.0%  1000   33.9  34.4  33.4  57.9   2.5
  7. core4.hetzner.de                           0.0%  1000   33.0  33.6  32.9  52.9   1.2
  8. core22.hetzner.de                          0.2%  1000   36.6  36.5  35.7  71.1   1.6
  9. juniper3.rz12.hetzner.de                   0.0%  1000   36.1  36.3  35.2  67.7   2.6
 10. hos-tr2.ms-ex3k2.rz13.hetzner.de           0.0%  1000   37.2  37.6  36.4  80.1   2.1
 11. ???                                       100.0  1000    0.0   0.0   0.0   0.0   0.0
 12. h2t.preissler.me                           0.0%  1000   38.0  35.9  35.1  50.3   0.9
