HOST: alix                                      Loss%   Snt   Last   Avg  Best  Wrst StDev
  1. fritz.box                                  0.0%  1000    0.9   0.7   0.7   3.1   0.1
  2. 2003:0:1801:c201::1                        0.0%  1000   21.9  21.3  20.8  23.5   0.3
  3. 2003:0:1803:8318::2                        0.0%  1000   22.8  24.6  22.2  42.3   1.4
  4. 2003:0:1306:c000::1                        0.0%  1000   27.6  30.2  26.9 117.3   9.9
  5. 2003:0:1306:c008::2                       67.9%  1000   28.7  47.2  28.0  90.9  14.2
  6. ce-0-4-0-0.r03.frnkge03.de.ce.gin.ntt.net  0.3%  1000   75.5  73.6  51.4 121.7  13.6
  7. core4.hetzner.de                           0.1%  1000   66.8  72.7  52.2 118.8  13.6
  8. core22.hetzner.de                          0.2%  1000   67.1  75.6  54.5 121.3  13.8
  9. juniper3.rz12.hetzner.de                   0.5%  1000   66.2  75.5  54.3 122.6  14.2
 10. hos-tr2.ms-ex3k2.rz13.hetzner.de           0.3%  1000   70.5  76.4  55.8 119.6  14.1
 11. ???                                       100.0  1000    0.0   0.0   0.0   0.0   0.0
 12. h2t.preissler.me                           0.3%  1000   76.7  74.4  53.9 121.9  14.1
