HOST: alix                                      Loss%   Snt   Last   Avg  Best  Wrst StDev
  1. fritz.box                                  0.0%  1000    0.8   0.7   0.7   1.5   0.1
  2. 2003:0:1801:c201::1                        0.0%  1000   21.7  21.2  20.7  23.8   0.3
  3. 2003:0:1801:c218::2                        0.2%  1000   25.8  24.7  22.3  34.6   1.3
  4. 2003:0:1306:c000::1                        0.0%  1000   27.2  29.4  26.9 114.1   8.7
  5. 2003:0:1306:c008::2                       89.3%  1000   29.2  30.7  27.9  50.0   4.3
  6. ce-0-4-0-0.r03.frnkge03.de.ce.gin.ntt.net  0.0%  1000   33.8  34.1  33.3  56.8   2.2
  7. core4.hetzner.de                           0.0%  1000   33.2  33.3  32.8  42.3   0.8
  8. core22.hetzner.de                          0.0%  1000   36.4  36.1  35.6  45.5   0.7
  9. juniper3.rz12.hetzner.de                   0.0%  1000   35.8  36.0  35.2  65.7   2.7
 10. hos-tr2.ms-ex3k2.rz13.hetzner.de           0.0%  1000   37.2  37.2  36.4  46.3   0.8
 11. ???                                       100.0  1000    0.0   0.0   0.0   0.0   0.0
 12. h2t.preissler.me                           0.0%  1000   36.2  35.7  35.1  38.6   0.4
