HOST: alix                                      Loss%   Snt   Last   Avg  Best  Wrst StDev
  1. fritz.box                                  0.0%  1000    0.8   0.7   0.7   1.5   0.1
  2. 2003:0:1801:c201::1                        0.0%  1000   22.0  21.3  20.7  24.8   0.5
  3. 2003:0:1801:c218::2                        0.0%  1000   23.6  24.8  22.1  36.9   1.4
  4. 2003:0:1306:c000::1                        0.0%  1000   27.7  29.8  26.9 105.4   9.1
  5. 2003:0:1306:c008::2                       90.0%  1000   28.1  28.4  27.6  30.5   0.6
  6. ce-0-4-0-0.r03.frnkge03.de.ce.gin.ntt.net  0.0%  1000   34.1  34.1  33.3  57.3   2.2
  7. core4.hetzner.de                           0.0%  1000   33.5  33.4  32.9  42.3   0.7
  8. core22.hetzner.de                          0.0%  1000   40.1  36.2  35.7  44.5   0.6
  9. juniper3.rz12.hetzner.de                   0.0%  1000   35.8  42.7  35.5  79.3   5.3
 10. hos-tr2.ms-ex3k2.rz13.hetzner.de           0.0%  1000   40.7  45.5  37.3  65.9   4.7
 11. ???                                       100.0  1000    0.0   0.0   0.0   0.0   0.0
 12. h2t.preissler.me                           0.0%  1000   38.1  44.4  35.7  62.8   5.2
