HOST: alix                                      Loss%   Snt   Last   Avg  Best  Wrst StDev
  1. fritz.box                                  0.0%  1000    0.8   0.7   0.7   1.7   0.1
  2. 2003:0:1801:c201::1                        0.0%  1000   21.5  21.3  20.7  68.7   1.6
  3. 2003:0:1801:c218::2                        0.0%  1000   24.5  24.6  22.2  84.9   2.3
  4. 2003:0:1306:c000::1                        0.0%  1000   27.6  29.5  26.9  92.3   8.3
  5. 2003:0:1306:c008::2                       86.9%  1000   28.5  28.3  27.7  29.8   0.4
  6. ce-0-4-0-0.r03.frnkge03.de.ce.gin.ntt.net  0.1%  1000   34.0  34.0  33.3  55.9   2.0
  7. core4.hetzner.de                           0.0%  1000   33.3  33.5  32.9  68.6   2.0
  8. core22.hetzner.de                          0.0%  1000   39.1  36.2  35.6  63.3   1.3
  9. juniper3.rz12.hetzner.de                   0.0%  1000   35.5  36.1  35.2  69.3   3.1
 10. hos-tr2.ms-ex3k2.rz13.hetzner.de           0.0%  1000   37.0  37.3  36.5  45.4   1.0
 11. ???                                       100.0  1000    0.0   0.0   0.0   0.0   0.0
 12. h2t.preissler.me                           0.0%  1000   35.5  37.7  35.2 2056.  63.9
