HOST: alix                                      Loss%   Snt   Last   Avg  Best  Wrst StDev
  1. fritz.box                                  0.0%  1000    0.8   0.7   0.7   1.5   0.1
  2. 2003:0:1801:c201::1                        0.0%  1000   21.8  21.3  20.7  23.4   0.4
  3. 2003:0:1803:8318::2                        0.0%  1000   24.0  24.6  22.3  42.5   1.4
  4. 2003:0:1306:c000::1                        0.0%  1000   32.6  30.6  26.9  91.6  10.3
  5. 2003:0:1306:c008::2                       83.9%  1000   28.3  28.7  27.7  35.9   1.2
  6. ce-0-4-0-0.r03.frnkge03.de.ce.gin.ntt.net  0.0%  1000   34.1  34.3  33.4  57.1   2.0
  7. core4.hetzner.de                           0.0%  1000   34.2  34.0  33.3  42.7   0.8
  8. core22.hetzner.de                          0.0%  1000   36.3  36.3  35.5  44.8   0.9
  9. juniper3.rz12.hetzner.de                   0.0%  1000   35.9  36.4  35.2  68.2   3.1
 10. hos-tr2.ms-ex3k2.rz13.hetzner.de           0.0%  1000   37.2  37.4  36.5  46.6   0.9
 11. ???                                       100.0  1000    0.0   0.0   0.0   0.0   0.0
 12. h2t.preissler.me                           0.0%  1000   36.4  35.9  35.2  63.6   1.1
