HOST: alix                                      Loss%   Snt   Last   Avg  Best  Wrst StDev
  1. fritz.box                                  0.0%  1000    0.7   0.7   0.7  12.0   0.4
  2. 2003:0:1801:c201::1                        0.0%  1000   21.8  21.2  20.7  23.0   0.3
  3. 2003:0:1803:8318::2                        0.0%  1000   23.0  24.5  22.3  31.7   1.2
  4. 2003:0:1306:c000::1                        0.0%  1000   27.3  29.7  26.9  92.4   8.6
  5. 2003:0:1306:c008::2                       91.3%  1000   28.7  28.6  27.7  32.5   0.7
  6. ce-0-4-0-0.r03.frnkge03.de.ce.gin.ntt.net  0.0%  1000   34.0  34.0  33.4  55.2   2.0
  7. core4.hetzner.de                           0.0%  1000   33.2  33.3  32.9  42.2   0.7
  8. core22.hetzner.de                          0.0%  1000   36.1  36.2  35.7  45.1   0.8
  9. juniper3.rz12.hetzner.de                   0.0%  1000   35.5  36.1  35.2  66.2   2.6
 10. hos-tr2.ms-ex3k2.rz13.hetzner.de           0.0%  1000   38.0  37.1  36.3  46.9   0.8
 11. ???                                       100.0  1000    0.0   0.0   0.0   0.0   0.0
 12. h2t.preissler.me                           0.0%  1000   35.4  35.7  35.1  41.9   0.5
