HOST: alix                                      Loss%   Snt   Last   Avg  Best  Wrst StDev
  1. fritz.box                                  0.0%  1000    0.8   0.7   0.7   3.3   0.2
  2. 2003:0:1801:c201::1                        0.0%  1000   22.2  21.3  20.7  57.8   1.4
  3. 2003:0:1803:8318::2                        0.8%  1000   23.8  24.6  22.2  49.7   1.8
  4. 2003:0:1306:c000::1                        0.0%  1000   57.5  30.6  26.9 101.8  10.0
  5. 2003:0:1306:c008::2                       87.4%  1000   28.3  28.4  27.6  30.6   0.6
  6. ce-0-4-0-0.r03.frnkge03.de.ce.gin.ntt.net  0.0%  1000   34.5  34.1  33.3  58.4   2.4
  7. core4.hetzner.de                           0.0%  1000   33.5  35.4  32.9 2045.  63.6
  8. core22.hetzner.de                          0.0%  1000   35.9  36.3  35.7  66.6   1.4
  9. juniper3.rz12.hetzner.de                   0.0%  1000   35.6  36.2  35.2  69.1   3.4
 10. hos-tr2.ms-ex3k2.rz13.hetzner.de           0.0%  1000   37.4  37.2  36.4  47.5   0.8
 11. ???                                       100.0  1000    0.0   0.0   0.0   0.0   0.0
 12. h2t.preissler.me                           0.0%  1000   35.7  35.7  35.0  69.4   1.6
