HOST: alix                                      Loss%   Snt   Last   Avg  Best  Wrst StDev
  1. fritz.box                                  0.0%  1000    0.8   0.7   0.7   1.1   0.1
  2. 2003:0:1801:c201::1                        0.0%  1000   21.5  21.1  20.7  23.7   0.3
  3. 2003:0:1801:c218::2                        0.0%  1000   25.2  24.6  22.3  29.8   1.2
  4. 2003:0:1306:c000::1                        0.0%  1000   49.9  29.3  26.9  95.1   7.6
  5. 2003:0:1306:c008::2                       88.3%  1000   27.6  28.2  27.4  30.0   0.5
  6. ce-0-4-0-0.r03.frnkge03.de.ce.gin.ntt.net  0.0%  1000   34.4  34.1  33.3  58.4   2.2
  7. core4.hetzner.de                           0.0%  1000   33.2  33.3  32.9  43.4   0.6
  8. core22.hetzner.de                          0.0%  1000   35.9  36.2  35.6  48.8   0.9
  9. juniper3.rz12.hetzner.de                   0.0%  1000   36.1  36.5  35.1  69.7   3.3
 10. hos-tr2.ms-ex3k2.rz13.hetzner.de           0.0%  1000   37.4  38.1  36.4  46.6   1.3
 11. ???                                       100.0  1000    0.0   0.0   0.0   0.0   0.0
 12. h2t.preissler.me                           0.0%  1000   35.9  36.1  35.0  41.9   0.8
