HOST: alix                                      Loss%   Snt   Last   Avg  Best  Wrst StDev
  1. fritz.box                                  0.0%  1000    0.8   0.7   0.7   1.1   0.1
  2. 2003:0:1801:c201::1                        0.0%  1000   21.2  21.2  20.8  24.0   0.3
  3. 2003:0:1803:8318::2                        0.0%  1000   23.8  24.5  22.1  29.8   1.2
  4. 2003:0:1306:c000::1                        0.0%  1000   28.1  30.1  26.9  93.7   8.8
  5. 2003:0:1306:c008::2                       79.4%  1000   37.3  33.4  27.6  53.2   5.4
  6. ce-0-4-0-0.r03.frnkge03.de.ce.gin.ntt.net  0.0%  1000   36.1  36.6  33.4  66.2   4.2
  7. core4.hetzner.de                           0.0%  1000   35.2  35.7  32.9  63.4   4.0
  8. core22.hetzner.de                          0.2%  1000   38.3  38.4  35.7  64.4   3.7
  9. juniper3.rz12.hetzner.de                   0.0%  1000   58.5  38.3  35.2  72.0   4.7
 10. hos-tr2.ms-ex3k2.rz13.hetzner.de           0.0%  1000   38.8  39.5  36.6  65.4   3.8
 11. ???                                       100.0  1000    0.0   0.0   0.0   0.0   0.0
 12. h2t.preissler.me                           0.0%  1000   39.5  37.9  35.2  64.8   3.7
