HOST: alix                                      Loss%   Snt   Last   Avg  Best  Wrst StDev
  1. fritz.box                                  0.0%  1000    0.8   0.7   0.7   1.2   0.1
  2. 2003:0:1801:c201::1                        0.0%  1000   21.2  21.2  20.8  23.8   0.3
  3. 2003:0:1801:c218::2                        0.0%  1000   23.4  24.6  22.3  50.1   1.6
  4. 2003:0:1306:c000::1                        0.0%  1000   28.0  29.9  26.9 110.1   9.0
  5. 2003:0:1306:c008::2                       79.9%  1000   28.5  28.4  27.1  50.2   2.2
  6. ce-0-4-0-0.r03.frnkge03.de.ce.gin.ntt.net  0.1%  1000   35.7  36.3  33.3  63.4   4.2
  7. core4.hetzner.de                          16.4%  1000   33.8  46.2  32.9 151.1  29.7
  8. core22.hetzner.de                          0.2%  1000   36.9  47.6  35.8 160.6  29.3
  9. juniper3.rz12.hetzner.de                   0.2%  1000   36.8  39.7  35.4 112.9   7.2
 10. hos-tr2.ms-ex3k2.rz13.hetzner.de           1.6%  1000   37.7  40.2  36.4  68.2   4.8
 11. juniper3.rz12.hetzner.de                  90.0%  1000   51.4  52.7  39.4  67.3   4.8
 12. h2t.preissler.me                           0.3%  1000   36.7  39.1  35.3  68.2   5.7
