HOST: alix                                      Loss%   Snt   Last   Avg  Best  Wrst StDev
  1. fritz.box                                  0.0%  1000    0.7   0.7   0.7   2.0   0.1
  2. 2003:0:1801:c201::1                        0.0%  1000   22.1  21.4  20.8  83.1   2.8
  3. 2003:0:1801:c218::2                        0.0%  1000   25.7  24.7  22.2  74.6   2.8
  4. 2003:0:1306:c000::1                        0.0%  1000   27.9  29.7  26.9  94.7   8.6
  5. 2003:0:1306:c008::2                       90.7%  1000   28.7  29.8  27.6  87.4   6.5
  6. ce-0-4-0-0.r03.frnkge03.de.ce.gin.ntt.net  0.0%  1000   33.7  34.2  33.4  92.1   3.1
  7. core4.hetzner.de                           0.0%  1000   33.2  33.6  32.9  97.8   3.2
  8. core22.hetzner.de                          0.0%  1000   36.4  36.3  35.7  67.3   1.6
  9. juniper3.rz12.hetzner.de                   0.0%  1000   35.8  36.4  35.2  90.4   4.1
 10. hos-tr2.ms-ex3k2.rz13.hetzner.de           0.1%  1000   39.2  37.3  36.4  89.3   2.1
 11. ???                                       100.0  1000    0.0   0.0   0.0   0.0   0.0
 12. h2t.preissler.me                           0.0%  1000   36.3  35.8  35.2  90.7   2.4
