HOST: alix                                      Loss%   Snt   Last   Avg  Best  Wrst StDev
  1. fritz.box                                  0.0%  1000    0.8   0.7   0.7   2.3   0.1
  2. 2003:0:1801:c201::1                        0.0%  1000   22.4  21.2  20.7  24.2   0.5
  3. 2003:0:1803:8318::2                        1.0%  1000   25.7  24.7  22.2  45.9   1.6
  4. 2003:0:1306:c000::1                        0.0%  1000   27.7  30.3  26.8 103.5   9.2
  5. 2003:0:1306:c008::2                       91.4%  1000   28.2  28.4  27.8  30.3   0.5
  6. ce-0-4-0-0.r03.frnkge03.de.ce.gin.ntt.net  0.0%  1000   33.3  34.0  33.3  56.2   1.8
  7. core4.hetzner.de                           0.0%  1000   33.2  33.5  32.8  57.5   2.0
  8. core22.hetzner.de                          0.0%  1000   36.4  36.2  35.6  44.6   0.7
  9. juniper3.rz12.hetzner.de                   0.0%  1000   48.9  40.7  35.3  71.2   5.3
 10. hos-tr2.ms-ex3k2.rz13.hetzner.de           0.0%  1000   43.1  47.1  37.0  69.3   5.6
 11. ???                                       100.0  1000    0.0   0.0   0.0   0.0   0.0
 12. h2t.preissler.me                           0.0%  1000   43.1  41.0  35.4  54.4   3.7
