HOST: alix                                      Loss%   Snt   Last   Avg  Best  Wrst StDev
  1. fritz.box                                  0.0%  1000    0.8   0.7   0.7   1.3   0.1
  2. 2003:0:1801:c201::1                        0.0%  1000   21.2  21.2  20.7  24.4   0.3
  3. 2003:0:1801:c218::2                        0.0%  1000   26.5  24.5  22.2  52.6   1.6
  4. 2003:0:1306:c000::1                        0.0%  1000   27.4  30.4  26.8 103.6  10.1
  5. 2003:0:1306:c008::2                       92.2%  1000   29.7  28.7  27.8  31.9   0.7
  6. ce-0-4-0-0.r03.frnkge03.de.ce.gin.ntt.net  0.0%  1000   33.8  34.2  33.4  57.6   2.1
  7. core4.hetzner.de                           0.0%  1000   34.3  33.5  32.9  53.5   1.5
  8. core22.hetzner.de                          0.0%  1000   36.1  36.2  35.7  50.7   0.9
  9. juniper3.rz12.hetzner.de                   0.0%  1000   35.6  36.2  35.2  68.2   3.1
 10. hos-tr2.ms-ex3k2.rz13.hetzner.de           0.0%  1000   37.5  37.2  36.4  44.8   0.7
 11. ???                                       100.0  1000    0.0   0.0   0.0   0.0   0.0
 12. h2t.preissler.me                           0.0%  1000   35.9  35.7  35.0  38.1   0.4
