HOST: alix                                      Loss%   Snt   Last   Avg  Best  Wrst StDev
  1. fritz.box                                  0.0%  1000    0.7   0.7   0.7   1.3   0.1
  2. 2003:0:1801:c201::1                        0.0%  1000   21.5  21.2  20.7  23.9   0.3
  3. 2003:0:1803:8318::2                        0.3%  1000   23.2  24.6  22.1  41.7   1.5
  4. 2003:0:1306:c000::1                        0.0%  1000   27.9  29.5  26.8 102.3   8.7
  5. 2003:0:1306:c008::2                       81.2%  1000   28.5  30.6  27.9  44.3   3.2
  6. ce-0-4-0-0.r03.frnkge03.de.ce.gin.ntt.net  0.0%  1000   52.2  51.6  34.1  77.9   6.0
  7. core4.hetzner.de                           0.2%  1000   52.1  50.6  33.5  69.5   5.7
  8. core22.hetzner.de                          0.0%  1000   53.6  53.8  36.4  74.6   5.9
  9. juniper3.rz12.hetzner.de                   0.0%  1000   54.1  53.9  35.8  92.5   6.6
 10. hos-tr2.ms-ex3k2.rz13.hetzner.de           0.0%  1000   53.3  54.9  38.0  74.7   5.9
 11. ???                                       100.0  1000    0.0   0.0   0.0   0.0   0.0
 12. h2t.preissler.me                           0.0%  1000   46.9  53.3  35.9  73.2   5.6
