HOST: alix                                      Loss%   Snt   Last   Avg  Best  Wrst StDev
  1. fritz.box                                  0.0%  1000    0.7   0.7   0.7   1.3   0.1
  2. 2003:0:1801:c201::1                        0.0%  1000   21.6  21.1  20.7  24.0   0.3
  3. 2003:0:1801:c218::2                        0.0%  1000   27.8  24.5  22.2  37.1   1.3
  4. 2003:0:1306:c000::1                        0.0%  1000   27.5  29.5  26.9  93.6   8.7
  5. 2003:0:1306:c008::2                       89.7%  1000   29.0  28.2  27.6  30.1   0.4
  6. ce-0-4-0-0.r03.frnkge03.de.ce.gin.ntt.net  0.0%  1000   34.2  33.9  33.3  57.7   1.9
  7. core4.hetzner.de                           0.0%  1000   33.4  33.3  32.9  44.6   0.7
  8. core22.hetzner.de                          0.0%  1000   36.2  36.3  35.6  57.2   1.6
  9. juniper3.rz12.hetzner.de                   0.0%  1000   35.7  36.0  35.2  67.1   2.3
 10. hos-tr2.ms-ex3k2.rz13.hetzner.de           0.0%  1000   37.2  37.3  36.4  51.0   1.1
 11. ???                                       100.0  1000    0.0   0.0   0.0   0.0   0.0
 12. h2t.preissler.me                           0.0%  1000   36.2  35.7  35.1  38.2   0.5
