HOST: alix                                      Loss%   Snt   Last   Avg  Best  Wrst StDev
  1. fritz.box                                  0.0%  1000    0.8   0.7   0.7   1.2   0.1
  2. 2003:0:1801:c201::1                        0.0%  1000   21.7  21.2  20.7  23.8   0.4
  3. 2003:0:1803:8318::2                        0.0%  1000   22.4  24.6  21.8  46.5   1.5
  4. 2003:0:1306:c000::1                        0.0%  1000   27.6  30.2  27.0  92.8   9.2
  5. 2003:0:1306:c008::2                       87.2%  1000   28.2  28.4  27.8  30.1   0.4
  6. ce-0-4-0-0.r03.frnkge03.de.ce.gin.ntt.net  0.0%  1000   34.6  34.0  33.4  57.2   2.0
  7. core4.hetzner.de                           0.0%  1000   33.6  33.3  32.9  41.7   0.7
  8. core22.hetzner.de                          0.0%  1000   36.1  36.2  35.6  46.4   0.7
  9. juniper3.rz12.hetzner.de                   0.0%  1000   35.8  36.3  35.2  72.8   2.9
 10. hos-tr2.ms-ex3k2.rz13.hetzner.de           0.0%  1000   36.9  37.2  36.5  44.8   0.7
 11. ???                                       100.0  1000    0.0   0.0   0.0   0.0   0.0
 12. h2t.preissler.me                           0.0%  1000   35.8  35.7  35.1  39.8   0.4
