HOST: alix                                      Loss%   Snt   Last   Avg  Best  Wrst StDev
  1. fritz.box                                  0.0%  1000    0.8   0.7   0.7   2.1   0.1
  2. 2003:0:1801:c201::1                        0.0%  1000   21.4  21.3  20.7  68.4   1.5
  3. 2003:0:1801:c218::2                        0.0%  1000   24.9  24.5  22.3  78.2   2.2
  4. 2003:0:1306:c000::1                        0.0%  1000   28.0  30.3  26.9  94.5   9.2
  5. 2003:0:1306:c008::2                       82.7%  1000   28.7  28.4  27.6  30.5   0.5
  6. ce-0-4-0-0.r03.frnkge03.de.ce.gin.ntt.net  0.0%  1000   34.6  34.0  33.4  56.2   1.9
  7. core4.hetzner.de                           0.1%  1000   34.3  33.6  32.8  61.9   1.2
  8. core22.hetzner.de                          0.0%  1000   36.1  36.2  35.7  45.3   0.8
  9. juniper3.rz12.hetzner.de                   0.0%  1000   35.3  36.3  35.2  63.1   2.9
 10. hos-tr2.ms-ex3k2.rz13.hetzner.de           0.0%  1000   37.3  37.2  36.3  46.9   1.0
 11. ???                                       100.0  1000    0.0   0.0   0.0   0.0   0.0
 12. h2t.preissler.me                           0.0%  1000   35.8  35.7  35.2  40.2   0.5
