HOST: alix                                      Loss%   Snt   Last   Avg  Best  Wrst StDev
  1. fritz.box                                  0.0%  1000    0.7   0.7   0.7   1.1   0.1
  2. 2003:0:1801:c201::1                        0.0%  1000   21.0  21.3  20.7  25.0   0.5
  3. 2003:0:1801:c218::2                        0.0%  1000   23.3  24.6  22.3  31.7   1.2
  4. 2003:0:1306:c000::1                        0.0%  1000   68.6  29.3  26.9  92.5   7.8
  5. 2003:0:1306:c008::2                       92.9%  1000   28.5  28.3  27.7  29.9   0.4
  6. ce-0-4-0-0.r03.frnkge03.de.ce.gin.ntt.net  0.0%  1000   34.1  34.0  33.4  56.3   2.0
  7. core4.hetzner.de                           0.0%  1000   33.5  33.3  32.9  41.8   0.7
  8. core22.hetzner.de                          0.0%  1000   36.4  36.1  35.6  46.4   0.7
  9. juniper3.rz12.hetzner.de                   0.0%  1000   36.1  43.3  35.3  76.2   5.7
 10. hos-tr2.ms-ex3k2.rz13.hetzner.de           0.0%  1000   60.9  55.1  38.7  77.0   7.8
 11. ???                                       100.0  1000    0.0   0.0   0.0   0.0   0.0
 12. h2t.preissler.me                           0.0%  1000   51.5  51.3  35.4  75.0   7.7
