HOST: alix                                      Loss%   Snt   Last   Avg  Best  Wrst StDev
  1. fritz.box                                  0.0%  1000    0.8   0.7   0.7   1.2   0.1
  2. 2003:0:1801:c201::1                        0.0%  1000   22.5  21.2  20.7  23.3   0.3
  3. 2003:0:1801:c218::2                        0.0%  1000   26.1  24.6  22.2  36.1   1.3
  4. 2003:0:1306:c000::1                        0.0%  1000   27.1  30.2  26.9  93.8   9.3
  5. 2003:0:1306:c008::2                       88.3%  1000   28.0  28.3  27.7  30.2   0.4
  6. ce-0-4-0-0.r03.frnkge03.de.ce.gin.ntt.net  0.0%  1000   34.2  34.1  33.4  55.9   2.2
  7. core4.hetzner.de                           0.0%  1000   33.2  33.3  32.9  43.3   0.7
  8. core22.hetzner.de                          0.0%  1000   38.7  36.1  35.6  45.4   0.8
  9. juniper3.rz12.hetzner.de                   0.0%  1000   35.8  36.1  35.2  69.3   2.8
 10. hos-tr2.ms-ex3k2.rz13.hetzner.de           0.0%  1000   37.3  37.3  36.4  45.4   0.9
 11. ???                                       100.0  1000    0.0   0.0   0.0   0.0   0.0
 12. h2t.preissler.me                           0.0%  1000   35.6  35.8  35.1  41.6   0.6
