HOST: alix                                      Loss%   Snt   Last   Avg  Best  Wrst StDev
  1. fritz.box                                  0.0%  1000    0.8   0.7   0.7   1.1   0.1
  2. 2003:0:1801:c201::1                        0.0%  1000   21.5  21.2  20.7  24.1   0.4
  3. 2003:0:1801:c218::2                        0.0%  1000   25.0  24.6  22.0  31.5   1.2
  4. 2003:0:1306:c000::1                        0.0%  1000   27.5  30.1  26.9  95.8   9.2
  5. 2003:0:1306:c008::2                       89.8%  1000   30.0  28.3  27.6  30.2   0.5
  6. ce-0-4-0-0.r03.frnkge03.de.ce.gin.ntt.net  0.0%  1000   34.6  34.2  33.3  56.7   2.5
  7. core4.hetzner.de                           0.0%  1000   33.3  33.3  32.9  42.1   0.7
  8. core22.hetzner.de                          0.0%  1000   36.0  36.3  35.7  57.4   1.6
  9. juniper3.rz12.hetzner.de                   0.0%  1000   35.7  36.0  35.2  65.2   2.7
 10. hos-tr2.ms-ex3k2.rz13.hetzner.de           0.0%  1000   37.5  37.2  36.3  45.6   0.9
 11. ???                                       100.0  1000    0.0   0.0   0.0   0.0   0.0
 12. h2t.preissler.me                           0.0%  1000   35.9  35.6  35.1  37.8   0.4
