HOST: alix                                      Loss%   Snt   Last   Avg  Best  Wrst StDev
  1. fritz.box                                  0.0%  1000    0.8   0.7   0.7   1.2   0.1
  2. 2003:0:1801:c201::1                        0.0%  1000   21.3  21.2  20.7  24.0   0.4
  3. 2003:0:1801:c218::2                        0.0%  1000   23.4  24.6  22.3  34.7   1.3
  4. 2003:0:1306:c000::1                        0.0%  1000   27.9  29.6  26.9 104.8   9.2
  5. 2003:0:1306:c008::2                       88.6%  1000   28.3  28.3  27.8  30.0   0.4
  6. ce-0-4-0-0.r03.frnkge03.de.ce.gin.ntt.net  0.0%  1000   33.8  34.0  33.3  55.0   1.7
  7. core4.hetzner.de                           0.0%  1000   33.2  33.3  32.7  40.7   0.6
  8. core22.hetzner.de                          0.0%  1000   36.0  36.2  35.7  45.6   0.8
  9. juniper3.rz12.hetzner.de                   0.0%  1000   39.8  38.1  35.2  71.4   3.5
 10. hos-tr2.ms-ex3k2.rz13.hetzner.de           0.0%  1000   46.0  43.0  36.7  60.9   3.5
 11. ???                                       100.0  1000    0.0   0.0   0.0   0.0   0.0
 12. h2t.preissler.me                           0.0%  1000   40.1  39.7  35.5  49.6   2.7
