HOST: alix                                      Loss%   Snt   Last   Avg  Best  Wrst StDev
  1. fritz.box                                  0.0%  1000    0.8   0.7   0.7   1.4   0.1
  2. 2003:0:1801:c201::1                        0.0%  1000   21.4  21.2  20.7  23.9   0.4
  3. 2003:0:1801:c218::2                        0.0%  1000   25.1  24.5  22.3  29.4   1.2
  4. 2003:0:1306:c000::1                        0.0%  1000   27.4  30.1  26.9  93.0   9.1
  5. 2003:0:1306:c008::2                       91.4%  1000   27.8  28.4  27.7  30.1   0.5
  6. ce-0-4-0-0.r03.frnkge03.de.ce.gin.ntt.net  0.0%  1000   33.9  34.1  33.3  57.3   2.0
  7. core4.hetzner.de                           0.0%  1000   33.2  33.3  32.9  43.7   0.7
  8. core22.hetzner.de                          0.0%  1000   36.4  36.2  35.6  44.1   0.8
  9. juniper3.rz12.hetzner.de                   0.0%  1000   35.6  36.2  35.2  69.1   3.5
 10. hos-tr2.ms-ex3k2.rz13.hetzner.de           0.0%  1000   39.5  37.1  36.3  43.6   0.6
 11. ???                                       100.0  1000    0.0   0.0   0.0   0.0   0.0
 12. h2t.preissler.me                           0.0%  1000   35.3  35.7  35.0  39.8   0.4
