HOST: alix                                      Loss%   Snt   Last   Avg  Best  Wrst StDev
  1. fritz.box                                  0.0%  1000    0.8   0.7   0.7   1.3   0.1
  2. 2003:0:1801:c201::1                        0.0%  1000   21.6  21.2  20.8  23.7   0.3
  3. 2003:0:1803:8318::2                        0.0%  1000   25.8  24.6  22.3  64.9   2.1
  4. 2003:0:1306:c000::1                        0.0%  1000   28.2  30.1  26.9 112.0   9.8
  5. 2003:0:1306:c008::2                       74.9%  1000   29.1  30.4  27.8  43.6   3.1
  6. ce-0-4-0-0.r03.frnkge03.de.ce.gin.ntt.net  0.0%  1000   33.7  45.6  33.6  72.3   7.9
  7. core4.hetzner.de                           0.2%  1000   33.6  45.2  32.9  67.3   7.9
  8. core22.hetzner.de                          0.0%  1000   37.0  48.1  36.0  68.1   7.9
  9. juniper3.rz12.hetzner.de                   0.0%  1000   35.7  48.1  35.2  79.0   8.3
 10. hos-tr2.ms-ex3k2.rz13.hetzner.de           0.0%  1000   37.0  49.0  36.7  70.3   7.9
 11. ???                                       100.0  1000    0.0   0.0   0.0   0.0   0.0
 12. h2t.preissler.me                           0.0%  1000   39.5  47.5  35.5  73.1   7.8
