HOST: alix                                      Loss%   Snt   Last   Avg  Best  Wrst StDev
  1. fritz.box                                  0.0%  1000    0.9   0.7   0.7   1.9   0.1
  2. 2003:0:1801:c201::1                        0.0%  1000   21.2  21.3  20.7  24.0   0.5
  3. 2003:0:1803:8318::2                        0.0%  1000   27.3  24.6  22.3  51.8   1.6
  4. 2003:0:1306:c000::1                        0.0%  1000   27.4  29.2  26.8  89.9   7.2
  5. 2003:0:1306:c008::2                       89.2%  1000   28.3  28.4  27.4  30.3   0.5
  6. ce-0-4-0-0.r03.frnkge03.de.ce.gin.ntt.net  0.0%  1000   34.0  34.1  33.3  55.4   2.1
  7. core4.hetzner.de                           0.0%  1000   33.6  33.4  32.8  42.4   0.7
  8. core22.hetzner.de                          0.0%  1000   36.2  36.2  35.6  45.3   0.8
  9. juniper3.rz12.hetzner.de                   0.0%  1000   37.6  38.1  35.2  68.9   3.6
 10. hos-tr2.ms-ex3k2.rz13.hetzner.de           0.0%  1000   37.7  41.7  36.6  67.5   3.9
 11. ???                                       100.0  1000    0.0   0.0   0.0   0.0   0.0
 12. h2t.preissler.me                           0.0%  1000   39.4  40.0  35.0  73.1   4.9
