HOST: alix                                      Loss%   Snt   Last   Avg  Best  Wrst StDev
  1. fritz.box                                  0.0%  1000    0.8   0.7   0.7   1.3   0.1
  2. 2003:0:1801:c201::1                        0.0%  1000   20.9  21.2  20.7  24.3   0.4
  3. 2003:0:1801:c218::2                        0.0%  1000   27.0  24.6  22.3  35.2   1.3
  4. 2003:0:1306:c000::1                        0.0%  1000   27.1  29.7  26.9  94.3   8.3
  5. 2003:0:1306:c008::2                       85.2%  1000   28.0 125.0  27.5 2213. 441.0
  6. ce-0-4-0-0.r03.frnkge03.de.ce.gin.ntt.net  1.5%  1000   33.7  33.9  33.3  57.1   1.7
  7. core4.hetzner.de                           1.8%  1000   33.8  33.3  32.8  45.0   0.8
  8. core22.hetzner.de                          1.9%  1000   36.4  36.4  35.6  61.4   2.0
  9. juniper3.rz12.hetzner.de                   0.0%  1000   36.9  48.1  35.6  82.4   8.7
 10. hos-tr2.ms-ex3k2.rz13.hetzner.de           0.0%  1000   52.9  58.0  37.8  91.8  10.5
 11. ???                                       100.0  1000    0.0   0.0   0.0   0.0   0.0
 12. h2t.preissler.me                           0.0%  1000   62.1  57.5  37.9  91.0  10.1
