HOST: alix                                      Loss%   Snt   Last   Avg  Best  Wrst StDev
  1. fritz.box                                  0.0%  1000    0.8   0.7   0.7   2.3   0.1
  2. 2003:0:1801:c201::1                        0.0%  1000   20.8  21.2  20.7  25.1   0.4
  3. 2003:0:1801:c218::2                        0.0%  1000   23.6  24.7  22.1  45.4   1.5
  4. 2003:0:1306:c000::1                        1.3%  1000   27.7  30.0  26.9 105.2   8.4
  5. 2003:0:1306:c008::2                       84.7%  1000   28.2 931.7  27.6 2406. 1077.2
  6. ce-0-4-0-0.r03.frnkge03.de.ce.gin.ntt.net 30.0%  1000   41.7  38.7  33.3  57.5   5.9
  7. core4.hetzner.de                          28.7%  1000   33.8  37.9  32.8  55.7   5.6
  8. core22.hetzner.de                         28.8%  1000   36.4  40.9  35.8  58.9   5.5
  9. juniper3.rz12.hetzner.de                   1.2%  1000   36.1  40.5  35.2  76.7   6.5
 10. hos-tr2.ms-ex3k2.rz13.hetzner.de           1.2%  1000   40.0  41.5  36.4  62.4   5.6
 11. ???                                       100.0  1000    0.0   0.0   0.0   0.0   0.0
 12. h2t.preissler.me                           1.2%  1000   36.2  39.7  35.2  61.4   5.3
