HOST: alix                                      Loss%   Snt   Last   Avg  Best  Wrst StDev
  1. fritz.box                                  0.0%  1000    0.7   0.7   0.7   6.3   0.2
  2. 2003:0:1801:c201::1                        0.0%  1000   21.1  21.2  20.7  28.5   0.6
  3. 2003:0:1801:c218::2                        0.0%  1000   23.2  24.7  22.1  45.5   1.5
  4. 2003:0:1306:c000::1                        0.0%  1000   27.1  30.1  26.9  96.0   9.1
  5. 2003:0:1306:c008::2                       91.3%  1000   28.6  28.4  27.4  31.8   0.6
  6. ce-0-4-0-0.r03.frnkge03.de.ce.gin.ntt.net  0.0%  1000   33.7  34.0  33.3  56.4   1.8
  7. core4.hetzner.de                           0.0%  1000   34.0  33.9  33.3  43.0   0.9
  8. core22.hetzner.de                          0.0%  1000   38.9  36.0  35.4  49.9   1.1
  9. juniper3.rz12.hetzner.de                   0.0%  1000   37.4  38.3  35.4  74.5   3.5
 10. hos-tr2.ms-ex3k2.rz13.hetzner.de           0.0%  1000   41.3  42.1  36.4  65.9   3.9
 11. ???                                       100.0  1000    0.0   0.0   0.0   0.0   0.0
 12. h2t.preissler.me                           0.0%  1000   38.6  40.2  35.5  52.0   2.7
