HOST: alix                                      Loss%   Snt   Last   Avg  Best  Wrst StDev
  1. fritz.box                                  0.0%  1000    0.7   0.7   0.7   1.1   0.1
  2. 2003:0:1801:c201::1                        0.0%  1000   21.6  21.1  20.7  24.1   0.3
  3. 2003:0:1801:c218::2                        0.0%  1000   24.1  24.6  22.2  31.9   1.2
  4. 2003:0:1306:c000::1                        0.0%  1000   28.0  29.8  26.9  94.7   9.1
  5. 2003:0:1306:c008::2                       85.4%  1000   27.9  28.4  27.5  30.3   0.5
  6. ce-0-4-0-0.r03.frnkge03.de.ce.gin.ntt.net  0.0%  1000   33.6  33.9  33.4  54.8   1.6
  7. core4.hetzner.de                           0.0%  1000   33.3  33.3  32.9  39.6   0.5
  8. core22.hetzner.de                          0.0%  1000   36.7  36.1  35.6  43.0   0.6
  9. juniper3.rz12.hetzner.de                   0.0%  1000   36.0  36.1  35.1  67.8   3.1
 10. hos-tr2.ms-ex3k2.rz13.hetzner.de           0.0%  1000   36.8  37.1  36.3  43.8   0.7
 11. ???                                       100.0  1000    0.0   0.0   0.0   0.0   0.0
 12. h2t.preissler.me                           0.0%  1000   35.5  35.6  35.1  37.8   0.3
