HOST: alix                                      Loss%   Snt   Last   Avg  Best  Wrst StDev
  1. fritz.box                                  0.0%  1000    0.8   0.7   0.6   2.1   0.1
  2. 2003:0:1801:c201::1                        0.0%  1000   21.2  21.2  20.7  23.8   0.4
  3. 2003:0:1801:c218::2                        0.0%  1000   26.1  24.5  22.2  42.2   1.5
  4. 2003:0:1306:c000::1                        0.0%  1000   27.7  29.8  26.8 107.3   9.3
  5. 2003:0:1306:c008::2                       91.1%  1000   28.5  32.8  27.8  57.2   9.2
  6. ce-0-4-0-0.r03.frnkge03.de.ce.gin.ntt.net  0.0%  1000   34.0  34.2  33.4  56.6   2.0
  7. core4.hetzner.de                           0.0%  1000   33.0  33.6  32.8  60.0   2.2
  8. core22.hetzner.de                          0.0%  1000   36.9  36.3  35.6  49.3   0.9
  9. juniper3.rz12.hetzner.de                   0.0%  1000   36.6  36.2  35.2  69.0   3.0
 10. hos-tr2.ms-ex3k2.rz13.hetzner.de           0.0%  1000   36.9  37.2  36.4  45.9   0.8
 11. ???                                       100.0  1000    0.0   0.0   0.0   0.0   0.0
 12. h2t.preissler.me                           0.0%  1000   35.4  35.7  35.1  50.6   0.7
