HOST: alix                                      Loss%   Snt   Last   Avg  Best  Wrst StDev
  1. fritz.box                                  0.0%  1000    0.8   0.7   0.7   2.2   0.1
  2. 2003:0:1801:c201::1                        0.0%  1000   21.6  21.2  20.7  28.7   0.6
  3. 2003:0:1803:8318::2                        0.0%  1000   24.4  24.6  22.1  41.8   1.4
  4. 2003:0:1306:c000::1                        0.0%  1000   27.8  29.6  26.9  91.5   8.0
  5. 2003:0:1306:c008::2                       91.8%  1000   29.8  28.4  27.7  30.0   0.5
  6. ce-0-4-0-0.r03.frnkge03.de.ce.gin.ntt.net  0.0%  1000   33.6  34.0  33.3  53.0   1.7
  7. core4.hetzner.de                           0.0%  1000   33.4  33.4  32.7  63.1   1.5
  8. core22.hetzner.de                          0.0%  1000   36.0  36.2  35.6  48.9   0.9
  9. juniper3.rz12.hetzner.de                   0.0%  1000   37.4  38.2  35.3  69.9   3.7
 10. hos-tr2.ms-ex3k2.rz13.hetzner.de           0.0%  1000   39.9  41.6  37.1  55.0   2.9
 11. ???                                       100.0  1000    0.0   0.0   0.0   0.0   0.0
 12. h2t.preissler.me                           0.0%  1000   38.1  40.1  35.4  61.7   3.1
