HOST: alix                                      Loss%   Snt   Last   Avg  Best  Wrst StDev
  1. fritz.box                                  0.0%  1000    0.8   0.7   0.7   2.5   0.2
  2. 2003:0:1801:c201::1                        0.0%  1000   21.2  22.1  20.7  82.1   6.1
  3. 2003:0:1801:c218::2                        0.0%  1000   22.9  25.5  22.2  86.7   5.9
  4. 2003:0:1306:c000::1                        0.0%  1000   27.7  31.1  26.9 123.6  10.7
  5. 2003:0:1306:c008::2                       89.9%  1000   29.0  29.4  28.1  71.9   4.4
  6. ce-0-4-0-0.r03.frnkge03.de.ce.gin.ntt.net  0.0%  1000   33.2  34.4  32.9  95.5   6.3
  7. core4.hetzner.de                           0.0%  1000   33.7  34.9  33.1  97.6   6.5
  8. core21.hetzner.de                          0.0%  1000   35.3  36.5  34.7  99.0   6.1
  9. juniper3.rz10.hetzner.de                   0.0%  1000   35.4  36.9  35.2  96.5   5.9
 10. hos-tr3.ms-ex3k2.rz13.hetzner.de           0.0%  1000   37.3  38.1  36.4  99.3   5.2
 11. ???                                       100.0  1000    0.0   0.0   0.0   0.0   0.0
 12. h2t.preissler.me                           0.0%  1000   35.9  36.1  34.9 100.0   4.9
