HOST: alix                                      Loss%   Snt   Last   Avg  Best  Wrst StDev
  1. fritz.box                                  0.0%  1000    0.7   0.7   0.7   3.1   0.1
  2. 2003:0:1801:c201::1                        0.0%  1000   21.2  21.1  20.7  24.0   0.3
  3. 2003:0:1803:8318::2                        0.0%  1000   25.4  24.5  22.2  40.1   1.5
  4. 2003:0:1306:c000::1                        0.0%  1000   28.0  30.3  26.8  95.6   9.6
  5. 2003:0:1306:c008::2                       89.6%  1000   29.6  28.4  27.6  30.9   0.6
  6. ce-0-4-0-0.r03.frnkge03.de.ce.gin.ntt.net  0.0%  1000   34.3  34.1  33.3  57.8   2.4
  7. core4.hetzner.de                           0.0%  1000   33.8  33.8  33.3  54.9   1.0
  8. core22.hetzner.de                          0.0%  1000   35.9  35.9  35.4  64.8   1.1
  9. juniper3.rz12.hetzner.de                   0.0%  1000   35.5  36.5  35.2  69.7   3.9
 10. hos-tr2.ms-ex3k2.rz13.hetzner.de           0.0%  1000   37.5  37.1  36.4  43.4   0.7
 11. ???                                       100.0  1000    0.0   0.0   0.0   0.0   0.0
 12. h2t.preissler.me                           0.0%  1000   36.0  35.6  35.0  41.5   0.4
