HOST: alix                                      Loss%   Snt   Last   Avg  Best  Wrst StDev
  1. fritz.box                                  0.0%  1000    0.8   0.7   0.7   3.5   0.1
  2. 2003:0:1801:c201::1                        0.0%  1000   21.1  21.2  20.7  23.8   0.4
  3. 2003:0:1803:8318::2                        0.0%  1000   26.5  24.5  22.2  40.1   1.3
  4. 2003:0:1306:c000::1                        0.0%  1000   27.6  30.0  26.9 107.6   9.2
  5. 2003:0:1306:c008::2                       87.3%  1000   30.0  28.9  27.6  42.2   2.3
  6. ce-0-4-0-0.r03.frnkge03.de.ce.gin.ntt.net  0.0%  1000   34.1  34.4  33.3  62.9   3.0
  7. core4.hetzner.de                           0.0%  1000   35.2  33.9  33.3  44.2   0.8
  8. core22.hetzner.de                          0.0%  1000   36.6  36.3  35.4  58.0   1.4
  9. juniper3.rz12.hetzner.de                   0.0%  1000   36.2  36.3  35.2  68.0   3.2
 10. hos-tr2.ms-ex3k2.rz13.hetzner.de           0.0%  1000   37.1  37.3  36.4  50.8   1.1
 11. ???                                       100.0  1000    0.0   0.0   0.0   0.0   0.0
 12. h2t.preissler.me                           2.9%  1000   35.8  38.0  35.0 1632.  54.6
