HOST: alix                                      Loss%   Snt   Last   Avg  Best  Wrst StDev
  1. fritz.box                                  0.0%  1000    0.7   0.7   0.7   1.9   0.1
  2. 2003:0:1801:c201::1                        0.0%  1000   21.6  21.4  20.8  36.0   0.7
  3. 2003:0:1803:8318::2                        0.0%  1000   25.7  24.7  22.1  42.3   1.5
  4. 2003:0:1306:c000::1                        0.0%  1000   27.5  30.5  26.9  96.1   9.5
  5. 2003:0:1306:c008::2                       89.6%  1000   29.7  31.7  27.8  54.2   5.6
  6. ce-0-4-0-0.r03.frnkge03.de.ce.gin.ntt.net  0.2%  1000   55.6  56.2  50.9  82.3   3.2
  7. core4.hetzner.de                           0.3%  1000   55.1  55.3  50.5  72.0   2.0
  8. core22.hetzner.de                          0.4%  1000   58.8  58.3  53.0  73.4   1.8
  9. juniper3.rz12.hetzner.de                   0.6%  1000   58.5  58.4  51.8  90.6   3.9
 10. hos-tr2.ms-ex3k2.rz13.hetzner.de           0.7%  1000   59.1  59.1  53.6  70.8   1.7
 11. ???                                       100.0  1000    0.0   0.0   0.0   0.0   0.0
 12. h2t.preissler.me                           0.5%  1000   58.1  57.6  50.5  69.8   1.6
