HOST: alix                                      Loss%   Snt   Last   Avg  Best  Wrst StDev
  1. fritz.box                                  0.0%  1000    0.8   0.7   0.7   1.0   0.1
  2. 2003:0:1801:c201::1                        0.0%  1000   21.6  21.2  20.7  23.7   0.4
  3. 2003:0:1801:c218::2                        0.0%  1000   24.4  24.6  22.3  46.6   1.6
  4. 2003:0:1306:c000::1                        0.0%  1000   27.3  30.2  26.9 101.2   9.6
  5. 2003:0:1306:c008::2                       87.6%  1000   31.8  29.9  27.7  52.6   4.2
  6. ce-0-4-0-0.r03.frnkge03.de.ce.gin.ntt.net  0.0%  1000   34.0  34.0  33.3  56.7   2.1
  7. core4.hetzner.de                           0.0%  1000   33.9  33.4  32.9  42.3   0.7
  8. core22.hetzner.de                          0.0%  1000   36.8  36.2  35.6  60.6   1.4
  9. juniper3.rz12.hetzner.de                   0.0%  1000   35.6  36.0  35.2  68.5   2.7
 10. hos-tr2.ms-ex3k2.rz13.hetzner.de           0.0%  1000   37.1  37.1  36.3  43.7   0.7
 11. ???                                       100.0  1000    0.0   0.0   0.0   0.0   0.0
 12. h2t.preissler.me                           0.0%  1000   35.8  35.6  35.1  38.0   0.4
