HOST: alix                                      Loss%   Snt   Last   Avg  Best  Wrst StDev
  1. fritz.box                                  0.0%  1000    0.8   0.7   0.7   1.4   0.1
  2. 2003:0:1801:c201::1                        0.0%  1000   21.3  21.2  20.7  24.1   0.3
  3. 2003:0:1801:c218::2                        0.0%  1000   24.5  24.6  22.4  53.0   1.5
  4. 2003:0:1306:c000::1                        0.0%  1000   28.0  30.2  26.9  94.4   9.3
  5. 2003:0:1306:c008::2                       92.9%  1000   28.0  32.8  27.9  54.3   6.5
  6. ce-0-4-0-0.r03.frnkge03.de.ce.gin.ntt.net  0.0%  1000   51.3  35.9  33.3  58.5   3.8
  7. core4.hetzner.de                           0.0%  1000   48.9  35.2  32.8  54.2   3.4
  8. core22.hetzner.de                          0.0%  1000   55.9  38.2  35.7  56.1   3.4
  9. juniper3.rz12.hetzner.de                   0.0%  1000   53.5  38.2  35.2  70.5   4.8
 10. hos-tr2.ms-ex3k2.rz13.hetzner.de           0.0%  1000   52.9  39.2  36.4  57.5   3.5
 11. ???                                       100.0  1000    0.0   0.0   0.0   0.0   0.0
 12. h2t.preissler.me                           0.0%  1000   53.5  37.6  35.2  57.9   3.4
