HOST: alix                                      Loss%   Snt   Last   Avg  Best  Wrst StDev
  1. fritz.box                                  0.0%  1000    0.8   0.7   0.7   4.7   0.1
  2. 2003:0:1801:c201::1                        0.0%  1000   21.1  21.2  20.7  36.0   0.6
  3. 2003:0:1801:c218::2                        0.1%  1000   25.7  24.6  22.2  41.7   1.5
  4. 2003:0:1306:c000::1                        0.0%  1000   28.1  29.9  26.9  82.7   8.1
  5. 2003:0:1306:c008::2                       89.1%  1000   27.6  28.4  27.6  30.4   0.5
  6. ce-0-4-0-0.r03.frnkge03.de.ce.gin.ntt.net  0.0%  1000   34.1  34.2  33.4  57.0   2.1
  7. core4.hetzner.de                           0.0%  1000   34.0  33.4  32.9  50.9   0.9
  8. core22.hetzner.de                          0.0%  1000   36.1  36.2  35.7  55.3   0.9
  9. juniper3.rz12.hetzner.de                   0.0%  1000   36.5  36.1  35.2  69.8   2.8
 10. hos-tr2.ms-ex3k2.rz13.hetzner.de           0.0%  1000   37.0  37.3  36.4  45.1   1.0
 11. ???                                       100.0  1000    0.0   0.0   0.0   0.0   0.0
 12. h2t.preissler.me                           0.0%  1000   36.0  35.7  35.2  37.9   0.4
