HOST: alix                                      Loss%   Snt   Last   Avg  Best  Wrst StDev
  1. fritz.box                                  0.0%  1000    0.8   0.7   0.7   1.8   0.1
  2. 2003:0:1801:c201::1                        0.0%  1000   21.6  21.3  20.7  45.3   0.8
  3. 2003:0:1803:8318::2                        0.7%  1000   24.2  24.6  22.3  40.8   1.4
  4. 2003:0:1306:c000::1                        0.0%  1000   27.3  30.0  26.9 117.8   9.4
  5. 2003:0:1306:c008::2                       81.2%  1000   46.9  42.1  28.0  70.8  12.8
  6. ce-0-4-0-0.r03.frnkge03.de.ce.gin.ntt.net  0.1%  1000   79.1  67.9  38.0  99.0  12.7
  7. core4.hetzner.de                           0.1%  1000   78.2  67.6  37.1 103.2  12.8
  8. core22.hetzner.de                          0.3%  1000   83.6  69.6  40.0 105.8  12.8
  9. juniper3.rz12.hetzner.de                   0.1%  1000   84.1  69.6  38.0 120.6  13.1
 10. hos-tr2.ms-ex3k2.rz13.hetzner.de           0.4%  1000   88.3  70.7  44.0 102.6  12.6
 11. ???                                       100.0  1000    0.0   0.0   0.0   0.0   0.0
 12. h2t.preissler.me                           0.5%  1000   76.6  69.3  42.9 104.7  12.5
