HOST: alix                                      Loss%   Snt   Last   Avg  Best  Wrst StDev
  1. fritz.box                                  0.0%  1000    0.8   0.7   0.7   1.4   0.1
  2. 2003:0:1801:c201::1                        0.0%  1000   22.2  21.2  20.7  28.6   0.6
  3. 2003:0:1801:c218::2                        0.0%  1000   25.2  24.7  22.3  35.6   1.4
  4. 2003:0:1306:c000::1                        0.0%  1000   27.4  29.2  26.9  92.4   7.6
  5. 2003:0:1306:c008::2                       88.6%  1000   28.6  28.3  27.3  30.2   0.5
  6. ce-0-4-0-0.r03.frnkge03.de.ce.gin.ntt.net  0.0%  1000   34.2  34.0  33.3  55.9   1.9
  7. core4.hetzner.de                           0.0%  1000   33.5  33.3  32.9  42.3   0.8
  8. core22.hetzner.de                          0.0%  1000   36.2  36.1  35.6  44.1   0.6
  9. juniper3.rz12.hetzner.de                   0.0%  1000   44.2  38.3  35.4  69.0   3.4
 10. hos-tr2.ms-ex3k2.rz13.hetzner.de           0.0%  1000   39.6  40.9  36.5  55.1   3.0
 11. ???                                       100.0  1000    0.0   0.0   0.0   0.0   0.0
 12. h2t.preissler.me                           0.0%  1000   38.2  39.6  35.3  54.3   3.0
