HOST: alix                                      Loss%   Snt   Last   Avg  Best  Wrst StDev
  1. fritz.box                                  0.0%  1000    0.8   0.7   0.6   2.2   0.1
  2. 2003:0:1801:c201::1                        0.0%  1000   21.0  21.2  20.7  23.7   0.4
  3. 2003:0:1803:8318::2                        0.0%  1000   25.0  24.5  22.0  50.4   1.6
  4. 2003:0:1306:c000::1                        0.0%  1000   27.7  30.2  26.9 117.1   9.9
  5. 2003:0:1306:c008::2                       91.0%  1000   28.1  28.3  27.7  29.9   0.4
  6. ce-0-4-0-0.r03.frnkge03.de.ce.gin.ntt.net  0.0%  1000   34.3  34.1  33.3  56.2   2.2
  7. core4.hetzner.de                           0.1%  1000   33.0  33.3  32.9  42.4   0.7
  8. core22.hetzner.de                          0.0%  1000   36.4  36.1  35.6  41.9   0.5
  9. juniper3.rz12.hetzner.de                   0.0%  1000   35.9  36.3  35.2  96.8   4.1
 10. hos-tr2.ms-ex3k2.rz13.hetzner.de           0.0%  1000   37.0  37.1  36.4  49.6   0.7
 11. ???                                       100.0  1000    0.0   0.0   0.0   0.0   0.0
 12. h2t.preissler.me                           0.0%  1000   36.2  35.6  35.1  38.2   0.4
