HOST: alix                                      Loss%   Snt   Last   Avg  Best  Wrst StDev
  1. fritz.box                                  0.0%  1000    0.8   0.7   0.7   2.5   0.1
  2. 2003:0:1801:c201::1                        0.0%  1000   21.0  21.2  20.7  33.2   0.5
  3. 2003:0:1801:c218::2                        0.0%  1000   23.6  24.6  22.2  40.6   1.4
  4. 2003:0:1306:c000::1                        0.0%  1000   27.8  29.9  26.9  98.3   9.1
  5. 2003:0:1306:c008::2                       88.0%  1000   28.5  28.3  27.6  31.8   0.5
  6. ce-0-4-0-0.r03.frnkge03.de.ce.gin.ntt.net  0.0%  1000   33.8  34.0  33.4  58.0   1.7
  7. core4.hetzner.de                           0.0%  1000   33.5  33.3  32.9  41.9   0.6
  8. core22.hetzner.de                          0.0%  1000   36.2  36.3  35.6  61.2   1.6
  9. juniper3.rz12.hetzner.de                   0.0%  1000   35.6  36.1  35.2  70.4   3.1
 10. hos-tr2.ms-ex3k2.rz13.hetzner.de           0.0%  1000   37.2  37.2  36.3  44.8   0.7
 11. ???                                       100.0  1000    0.0   0.0   0.0   0.0   0.0
 12. h2t.preissler.me                           0.0%  1000   35.5  35.6  35.0  38.8   0.4
