HOST: alix                                      Loss%   Snt   Last   Avg  Best  Wrst StDev
  1. fritz.box                                  0.0%  1000    0.9   0.7   0.7   1.2   0.1
  2. 2003:0:1801:c201::1                        0.0%  1000   21.0  21.1  20.7  23.8   0.3
  3. 2003:0:1801:c218::2                        0.0%  1000   24.7  24.6  22.3  39.4   1.4
  4. 2003:0:1306:c000::1                        0.0%  1000   27.4  29.2  26.9 118.9   7.8
  5. 2003:0:1306:c008::2                       88.5%  1000   28.1  28.3  27.6  30.0   0.4
  6. ce-0-4-0-0.r03.frnkge03.de.ce.gin.ntt.net  0.0%  1000   34.0  34.0  33.4  56.9   1.9
  7. core4.hetzner.de                           0.0%  1000   33.3  33.3  32.8  40.6   0.5
  8. core22.hetzner.de                          0.0%  1000   35.9  36.6  35.7  59.3   2.2
  9. juniper3.rz12.hetzner.de                   0.0%  1000   36.1  36.6  35.2  69.5   4.1
 10. hos-tr2.ms-ex3k2.rz13.hetzner.de           0.0%  1000   38.8  37.8  36.4  49.7   1.3
 11. ???                                       100.0  1000    0.0   0.0   0.0   0.0   0.0
 12. h2t.preissler.me                           0.0%  1000   36.9  35.7  35.1  39.0   0.5
