HOST: alix                                      Loss%   Snt   Last   Avg  Best  Wrst StDev
  1. fritz.box                                  0.0%  1000    0.7   0.7   0.7   1.1   0.1
  2. 2003:0:1801:c201::1                        0.0%  1000   21.3  21.1  20.7  23.9   0.3
  3. 2003:0:1801:c218::2                        0.0%  1000   25.2  24.6  22.3  40.4   1.4
  4. 2003:0:1306:c000::1                        0.0%  1000   27.6  30.1  26.9 113.2   9.7
  5. 2003:0:1306:c008::2                       88.9%  1000   29.9  28.4  27.5  30.5   0.6
  6. ce-0-4-0-0.r03.frnkge03.de.ce.gin.ntt.net  0.0%  1000   34.0  34.1  33.4  57.3   2.4
  7. core4.hetzner.de                           0.0%  1000   33.2  33.3  32.9  41.8   0.6
  8. core22.hetzner.de                          0.0%  1000   36.3  36.2  35.6  45.3   0.8
  9. juniper3.rz12.hetzner.de                   0.0%  1000   35.6  36.3  35.2  68.0   3.3
 10. hos-tr2.ms-ex3k2.rz13.hetzner.de           0.0%  1000   37.4  37.4  36.4  45.9   1.3
 11. ???                                       100.0  1000    0.0   0.0   0.0   0.0   0.0
 12. h2t.preissler.me                           0.0%  1000   35.6  35.6  35.0  37.9   0.4
