HOST: alix                                      Loss%   Snt   Last   Avg  Best  Wrst StDev
  1. fritz.box                                  0.0%  1000    0.8   0.7   0.7   1.7   0.1
  2. 2003:0:1801:c201::1                        0.0%  1000   21.7  21.1  20.6  23.4   0.3
  3. 2003:0:1803:8318::2                        0.0%  1000   23.2  24.6  22.4  30.2   1.3
  4. 2003:0:1306:c000::1                        0.0%  1000   28.2  30.6  26.9 104.9  10.0
  5. 2003:0:1306:c008::2                       91.0%  1000   28.2  28.3  27.7  30.5   0.5
  6. ce-0-4-0-0.r03.frnkge03.de.ce.gin.ntt.net  0.0%  1000   33.5  33.9  33.3  57.3   1.9
  7. core4.hetzner.de                           0.0%  1000   33.6  33.3  32.9  41.6   0.6
  8. core22.hetzner.de                          0.0%  1000   36.5  36.1  35.6  46.5   0.6
  9. juniper3.rz12.hetzner.de                   0.0%  1000   35.9  36.1  35.2  68.2   3.1
 10. hos-tr2.ms-ex3k2.rz13.hetzner.de           0.0%  1000   37.5  37.2  36.2  46.4   0.8
 11. ???                                       100.0  1000    0.0   0.0   0.0   0.0   0.0
 12. h2t.preissler.me                           0.0%  1000   36.2  35.7  35.1  39.7   0.4
