HOST: alix                                      Loss%   Snt   Last   Avg  Best  Wrst StDev
  1. fritz.box                                  0.0%  1000    0.7   0.7   0.7   2.1   0.1
  2. 2003:0:1801:c201::1                        0.0%  1000   21.3  21.2  20.7  27.6   0.5
  3. 2003:0:1801:c218::2                        0.1%  1000   22.8  24.6  22.0  41.8   1.5
  4. 2003:0:1306:c000::1                        0.0%  1000   27.7  30.2  26.9 100.7   9.5
  5. 2003:0:1306:c008::2                       89.6%  1000   51.6  34.1  27.8  57.3  10.1
  6. ce-0-4-0-0.r03.frnkge03.de.ce.gin.ntt.net  0.0%  1000   34.1  34.0  33.3  56.1   1.9
  7. core4.hetzner.de                           0.0%  1000   33.4  33.4  32.8  43.8   1.0
  8. core22.hetzner.de                          0.0%  1000   38.1  36.3  35.7  58.7   1.4
  9. juniper3.rz12.hetzner.de                   0.0%  1000   35.7  36.2  35.2  83.8   3.5
 10. hos-tr2.ms-ex3k2.rz13.hetzner.de           0.0%  1000   37.1  37.3  36.3  60.5   1.5
 11. ???                                       100.0  1000    0.0   0.0   0.0   0.0   0.0
 12. h2t.preissler.me                           0.0%  1000   35.8  35.9  35.0  83.9   1.8
