HOST: alix                                      Loss%   Snt   Last   Avg  Best  Wrst StDev
  1. fritz.box                                  0.0%  1000    0.8   0.7   0.7   1.6   0.1
  2. 2003:0:1801:c201::1                        0.0%  1000   21.5  21.2  20.8  23.8   0.4
  3. 2003:0:1803:8318::2                        0.0%  1000   24.6  24.7  22.3  47.3   1.7
  4. 2003:0:1306:c000::1                        0.0%  1000   28.1  29.6  26.9  93.8   8.7
  5. 2003:0:1306:c008::2                       86.3%  1000   30.6  29.1  27.6  34.1   1.3
  6. ce-0-4-0-0.r03.frnkge03.de.ce.gin.ntt.net  0.0%  1000   51.2  42.5  33.4  80.2   8.2
  7. core4.hetzner.de                           0.1%  1000   53.2  41.3  33.0  59.1   7.4
  8. core22.hetzner.de                          0.0%  1000   59.0  44.4  35.7  62.2   7.5
  9. juniper3.rz12.hetzner.de                   0.0%  1000   57.0  44.2  35.4  80.2   7.8
 10. hos-tr2.ms-ex3k2.rz13.hetzner.de           0.0%  1000   53.9  45.3  36.5  65.5   7.3
 11. ???                                       100.0  1000    0.0   0.0   0.0   0.0   0.0
 12. h2t.preissler.me                           0.0%  1000   53.8  43.5  35.4  59.9   7.1
