HOST: alix                                      Loss%   Snt   Last   Avg  Best  Wrst StDev
  1. fritz.box                                  0.0%  1000    0.8   0.7   0.7   1.4   0.1
  2. 2003:0:1801:c201::1                        0.0%  1000   21.6  21.3  20.8  45.4   0.8
  3. 2003:0:1801:c218::2                        0.2%  1000   24.6  24.6  22.1  45.9   1.6
  4. 2003:0:1306:c000::1                        0.0%  1000   27.5  30.8  26.9 115.2  10.4
  5. 2003:0:1306:c008::2                       90.3%  1000   28.4  30.6  27.6  45.9   3.7
  6. ce-0-4-0-0.r03.frnkge03.de.ce.gin.ntt.net  0.1%  1000   51.7  47.4  33.5  71.6   7.1
  7. core4.hetzner.de                           0.0%  1000   50.5  46.8  32.9  61.0   6.9
  8. core22.hetzner.de                          0.0%  1000   53.2  49.6  35.8  72.0   6.9
  9. juniper3.rz12.hetzner.de                   0.0%  1000   52.4  49.6  35.3  88.0   7.5
 10. hos-tr2.ms-ex3k2.rz13.hetzner.de           0.0%  1000   54.5  50.7  36.8  63.9   6.9
 11. ???                                       100.0  1000    0.0   0.0   0.0   0.0   0.0
 12. h2t.preissler.me                           0.1%  1000   55.5  49.0  35.4  63.9   6.9
