HOST: alix                                      Loss%   Snt   Last   Avg  Best  Wrst StDev
  1. fritz.box                                  0.0%  1000    0.8   0.7   0.7   1.5   0.1
  2. 2003:0:1801:c201::1                        0.0%  1000   21.7  21.2  20.8  23.9   0.3
  3. 2003:0:1801:c218::2                        0.0%  1000   24.8  24.5  22.0  39.6   1.3
  4. 2003:0:1306:c000::1                        0.0%  1000   27.4  29.7  26.9  96.3   8.9
  5. 2003:0:1306:c008::2                       68.0%  1000   40.1  64.3  28.4 105.7  16.4
  6. ce-0-4-0-0.r03.frnkge03.de.ce.gin.ntt.net  0.6%  1000   55.3  69.8  38.7 110.1  12.7
  7. core4.hetzner.de                           0.8%  1000   54.7  69.0  35.2 107.7  12.6
  8. core22.hetzner.de                          0.2%  1000   60.8  71.9  36.5 108.5  12.6
  9. juniper3.rz12.hetzner.de                   0.5%  1000   64.9  71.8  37.6 117.8  13.0
 10. hos-tr2.ms-ex3k2.rz13.hetzner.de           0.0%  1000   65.0  72.7  39.1 113.4  12.8
 11. ???                                       100.0  1000    0.0   0.0   0.0   0.0   0.0
 12. h2t.preissler.me                           0.4%  1000   63.7  71.5  44.9 110.1  12.7
