HOST: alix                                      Loss%   Snt   Last   Avg  Best  Wrst StDev
  1. fritz.box                                  0.0%  1000    0.8   0.7   0.7   2.2   0.1
  2. 2003:0:1801:c201::1                        0.0%  1000   21.6  21.2  20.7  23.8   0.3
  3. 2003:0:1801:c218::2                        0.0%  1000   25.2  24.5  21.9  47.6   1.6
  4. 2003:0:1306:c000::1                        0.0%  1000   28.3  30.7  27.7 105.7   9.1
  5. 2003:0:1306:c008::2                       91.5%  1000   29.1  29.3  28.6  31.8   0.6
  6. ce-0-4-0-0.r03.frnkge03.de.ce.gin.ntt.net  0.6%  1000   56.6  56.0  52.3  78.7   1.9
  7. core4.hetzner.de                           0.3%  1000   56.4  55.8  51.7  64.7   0.9
  8. core21.hetzner.de                          0.7%  1000   58.7  57.8  53.1  80.6   2.1
  9. juniper3.rz10.hetzner.de                   0.2%  1000   57.2  58.5  54.2  93.1   3.9
 10. hos-tr1.ms-ex3k2.rz13.hetzner.de           0.9%  1000   59.8  59.0  55.4  66.9   1.1
 11. ???                                       100.0  1000    0.0   0.0   0.0   0.0   0.0
 12. h2t.preissler.me                           0.9%  1000   58.8  58.1  55.1  61.6   0.8
