HOST: alix                                      Loss%   Snt   Last   Avg  Best  Wrst StDev
  1. fritz.box                                  0.0%  1000    0.8   0.7   0.6   2.4   0.1
  2. 2003:0:1801:c201::1                        0.0%  1000   21.8  21.2  20.7  24.0   0.4
  3. 2003:0:1801:c218::2                        0.0%  1000   24.9  24.6  22.0  47.4   1.7
  4. 2003:0:1306:c000::1                        0.0%  1000   28.5  30.5  27.8 120.2   8.8
  5. 2003:0:1306:c008::2                       87.2%  1000   29.3  41.1  28.7  57.7  10.5
  6. ce-0-4-0-0.r03.frnkge03.de.ce.gin.ntt.net  0.0%  1000   35.3  35.4  33.4  58.0   3.5
  7. core4.hetzner.de                           0.0%  1000   34.8  35.2  33.6  55.1   3.1
  8. core21.hetzner.de                          0.0%  1000   38.3  37.1  35.3  64.3   3.6
  9. juniper3.rz10.hetzner.de                   0.0%  1000   36.9  37.7  35.7  65.6   3.9
 10. hos-tr1.ms-ex3k2.rz13.hetzner.de           0.0%  1000   38.4  38.4  36.3  60.1   3.3
 11. ???                                       100.0  1000    0.0   0.0   0.0   0.0   0.0
 12. h2t.preissler.me                           0.0%  1000   39.1  37.3  35.5  57.5   3.1
