HOST: alix                             Loss%   Snt   Last   Avg  Best  Wrst StDev
  1. fritz.box                         0.0%  1000    0.7   0.7   0.7   2.1   0.1
  2. 2003:0:1801:c201::1               0.0%  1000   21.7  21.3  20.7  24.4   0.5
  3. 2003:0:1801:c218::2               0.0%  1000   24.4  24.6  22.1  43.4   1.5
  4. 2003:0:1308:4000::1               0.0%  1000   28.1  27.9  27.0  80.0   3.2
  5. 2003:0:1308:4007::2               0.7%  1000  110.2  98.3  52.2 144.7  20.4
  6. xe-2-0-0.fra28.ip6.gtt.net        0.8%  1000  110.7  97.9  51.9 162.7  20.5
  7. hetzner-online-gw.ip4.gtt.net     0.5%  1000  135.3 122.0  76.6 172.6  19.3
  8. core1.hetzner.de                  1.7%  1000  137.9 120.9  76.8 163.1  19.1
  9. core21.hetzner.de                 0.7%  1000  140.5 123.1  78.0 161.2  19.0
 10. juniper3.rz10.hetzner.de          0.8%  1000  139.3 123.5  75.8 171.5  19.3
 11. hos-tr3.ms-ex3k2.rz13.hetzner.de  0.9%  1000  141.6 124.8  76.0 151.4  19.1
 12. ???                              100.0  1000    0.0   0.0   0.0   0.0   0.0
 13. h2t.preissler.me                  1.1%  1000  128.2 122.8  71.8 149.6  19.1
