HOST: alix                                      Loss%   Snt   Last   Avg  Best  Wrst StDev
  1. fritz.box                                  0.0%  1000    0.8   0.7   0.7   3.1   0.1
  2. 2003:0:1801:c201::1                        0.0%  1000   22.3  21.2  20.7  24.2   0.4
  3. 2003:0:1801:c218::2                        0.0%  1000   26.0  24.6  22.2  41.8   1.5
  4. 2003:0:1306:c000::1                        0.0%  1000   29.0  30.6  27.6  87.6   8.2
  5. 2003:0:1306:c008::2                       89.4%  1000   29.1  29.2  28.3  32.0   0.5
  6. ce-0-4-0-0.r03.frnkge03.de.ce.gin.ntt.net  0.0%  1000   33.7  34.1  33.4  56.7   1.8
  7. core4.hetzner.de                           0.0%  1000   34.5  34.0  33.5  54.5   0.9
  8. core21.hetzner.de                          0.0%  1000   35.8  35.9  35.2  59.7   2.0
  9. juniper3.rz10.hetzner.de                   0.0%  1000   37.6  37.2  35.6  71.4   3.4
 10. hos-tr1.ms-ex3k2.rz13.hetzner.de           0.0%  1000   37.6  38.4  36.3  47.2   1.6
 11. ???                                       100.0  1000    0.0   0.0   0.0   0.0   0.0
 12. h2t.preissler.me                           0.0%  1000   39.0  37.6  35.5  47.9   1.5
