HOST: alix                                      Loss%   Snt   Last   Avg  Best  Wrst StDev
  1. fritz.box                                  0.0%  1000    0.7   0.7   0.7   1.1   0.1
  2. 2003:0:1801:c201::1                        0.0%  1000   21.3  21.2  20.7  23.8   0.4
  3. 2003:0:1803:8318::2                        0.0%  1000   23.0  24.6  22.3  32.1   1.3
  4. 2003:0:1306:c000::1                        0.0%  1000   28.1  30.7  27.6  94.5   9.4
  5. 2003:0:1306:c008::2                       87.7%  1000   49.0  34.0  28.5  57.4   7.6
  6. ce-0-4-0-0.r03.frnkge03.de.ce.gin.ntt.net  0.0%  1000   34.1  34.4  33.4  54.0   1.8
  7. core4.hetzner.de                           0.0%  1000   34.0  34.3  33.6  44.1   1.0
  8. core21.hetzner.de                          0.0%  1000   36.2  36.4  35.2  69.2   2.7
  9. juniper3.rz10.hetzner.de                   0.0%  1000   43.0  37.4  35.6  70.5   3.9
 10. hos-tr1.ms-ex3k2.rz13.hetzner.de           0.0%  1000   37.5  37.3  36.3  47.6   1.2
 11. ???                                       100.0  1000    0.0   0.0   0.0   0.0   0.0
 12. h2t.preissler.me                           0.0%  1000   36.0  36.3  35.5  42.0   0.7
