HOST: alix                             Loss%   Snt   Last   Avg  Best  Wrst StDev
  1. fritz.box                         0.0%  1000    0.8   0.7   0.7   1.2   0.1
  2. 2003:0:1801:c201::1               0.0%  1000   21.5  21.3  20.8  23.8   0.5
  3. 2003:0:1803:8318::2               0.9%  1000   25.7  24.7  22.0  44.7   1.6
  4. 2003:0:1308:4000::1               0.0%  1000   27.8  28.1  26.9  71.1   3.7
  5. 2003:0:1308:4007::2               0.0%  1000   85.1  47.0  27.4 134.4  19.1
  6. xe-3-0-0.fra28.ip6.gtt.net        0.0%  1000   83.9  46.5  27.3 117.8  18.9
  7. hetzner-online-gw.ip4.gtt.net     0.9%  1000  105.9  63.3  34.4 123.8  20.5
  8. core1.hetzner.de                  0.9%  1000  102.4  62.1  33.4 119.8  20.4
  9. core21.hetzner.de                 0.0%  1000  106.0  64.4  35.5 120.5  20.3
 10. juniper3.rz10.hetzner.de          0.0%  1000  107.9  65.0  35.8 129.2  20.4
 11. hos-tr3.ms-ex3k2.rz13.hetzner.de  0.0%  1000  108.9  66.1  37.1 123.5  20.5
 12. ???                              100.0  1000    0.0   0.0   0.0   0.0   0.0
 13. h2t.preissler.me                  0.1%  1000  114.4  64.0  35.2 119.8  20.5
