HOST: alix                                      Loss%   Snt   Last   Avg  Best  Wrst StDev
  1. fritz.box                                  0.0%  1000    0.8   0.7   0.7   3.1   0.1
  2. 2003:0:1801:c201::1                        0.0%  1000   21.5  21.3  20.7  73.1   1.7
  3. 2003:0:1801:c218::2                        0.0%  1000   24.8  24.6  22.1  81.7   2.8
  4. 2003:0:1306:c000::1                        0.0%  1000   28.5  31.1  27.6 106.2   9.9
  5. 2003:0:1306:c008::2                       94.4%  1000   89.4  30.7  28.5  89.4   8.1
  6. ce-0-4-0-0.r03.frnkge03.de.ce.gin.ntt.net  0.4%  1000   56.2  55.9  50.7  77.0   2.2
  7. core4.hetzner.de                           0.6%  1000   56.8  55.8  52.0  79.9   1.4
  8. core21.hetzner.de                          0.5%  1000   57.7  57.6  52.8  87.8   2.3
  9. juniper3.rz10.hetzner.de                   0.9%  1000   57.1  58.8  54.0  94.7   3.9
 10. hos-tr1.ms-ex3k2.rz13.hetzner.de           0.3%  1000   60.6  59.2  55.0  96.0   2.0
 11. ???                                       100.0  1000    0.0   0.0   0.0   0.0   0.0
 12. h2t.preissler.me                           0.8%  1000   55.6  58.0  51.8 121.7   2.7
