HOST: alix                                      Loss%   Snt   Last   Avg  Best  Wrst StDev
  1. fritz.box                                  0.0%  1000    0.8   0.7   0.7   7.3   0.2
  2. 2003:0:1801:c201::1                        0.0%  1000   21.4  21.2  20.7  25.1   0.5
  3. 2003:0:1803:8318::2                        0.0%  1000   23.4  24.6  22.1  40.0   1.4
  4. 2003:0:1306:c000::1                        0.0%  1000   28.6  30.7  27.6  96.3   8.3
  5. 2003:0:1306:c008::2                       93.6%  1000   28.8  29.2  28.5  30.9   0.5
  6. ce-0-4-0-0.r03.frnkge03.de.ce.gin.ntt.net  0.0%  1000   33.4  34.1  33.3  56.9   2.0
  7. core4.hetzner.de                           0.0%  1000   34.3  34.1  33.6  43.1   0.8
  8. core21.hetzner.de                          0.0%  1000   35.8  35.9  35.2  57.7   2.1
  9. juniper3.rz10.hetzner.de                   0.0%  1000   44.4  40.5  36.0  76.3   3.8
 10. hos-tr1.ms-ex3k2.rz13.hetzner.de           0.0%  1000   48.3  43.1  36.4  70.0   4.1
 11. ???                                       100.0  1000    0.0   0.0   0.0   0.0   0.0
 12. h2t.preissler.me                           0.0%  1000   43.7  41.2  35.8  54.5   3.0
