HOST: alix                             Loss%   Snt   Last   Avg  Best  Wrst StDev
  1. fritz.box                         0.0%  1000    0.7   0.7   0.7   3.5   0.1
  2. 2003:0:1801:c201::1               0.0%  1000   21.5  21.3  20.8  29.5   0.5
  3. 2003:0:1801:c218::2               0.2%  1000   24.1  24.8  22.1  64.0   2.0
  4. 2003:0:1308:4000::1               0.0%  1000   27.4  28.4  27.1  68.6   4.4
  5. 2003:0:1308:4007::2               0.0%  1000   76.0  52.1  27.3 103.2  16.3
  6. xe-3-0-0.fra28.ip6.gtt.net        0.0%  1000   76.6  51.8  27.3 107.3  16.2
  7. hetzner-online-gw.ip4.gtt.net     0.5%  1000   87.9  59.1  34.1 104.3  16.7
  8. core1.hetzner.de                  1.0%  1000   87.0  58.1  33.1 106.6  16.7
  9. core21.hetzner.de                 0.0%  1000   85.8  60.5  35.2 106.0  16.7
 10. juniper3.rz10.hetzner.de          0.0%  1000   81.6  60.8  35.7 108.0  16.6
 11. hos-tr3.ms-ex3k2.rz13.hetzner.de  0.0%  1000   82.5  62.1  36.9 105.4  16.5
 12. ???                              100.0  1000    0.0   0.0   0.0   0.0   0.0
 13. h2t.preissler.me                  0.0%  1000   77.7  60.0  35.1 105.1  16.6
