HOST: alix                                      Loss%   Snt   Last   Avg  Best  Wrst StDev
  1. fritz.box                                  0.0%  1000    0.8   0.7   0.7   2.8   0.1
  2. 2003:0:1801:c201::1                        0.0%  1000   21.3  21.2  20.8  23.8   0.3
  3. 2003:0:1801:c218::2                        0.0%  1000   22.9  24.6  22.2  37.1   1.3
  4. 2003:0:1306:c000::1                        0.1%  1000   28.7  30.6  27.8 103.4   8.8
  5. 2003:0:1306:c008::2                       90.7%  1000   28.8  30.4  28.6  43.9   2.9
  6. ce-0-4-0-0.r03.frnkge03.de.ce.gin.ntt.net  0.0%  1000   34.1  34.2  33.4  59.3   2.2
  7. core4.hetzner.de                           0.1%  1000   34.5  34.1  33.6  41.7   0.5
  8. core21.hetzner.de                          0.0%  1000   36.3  36.0  35.2  56.8   1.7
  9. juniper3.rz10.hetzner.de                   0.0%  1000   53.6  36.5  35.7  68.8   2.5
 10. hos-tr1.ms-ex3k2.rz13.hetzner.de           0.0%  1000   36.8  37.1  36.3  47.3   0.9
 11. ???                                       100.0  1000    0.0   0.0   0.0   0.0   0.0
 12. h2t.preissler.me                           0.0%  1000   36.7  36.1  35.5  39.8   0.5
