HOST: alix                                      Loss%   Snt   Last   Avg  Best  Wrst StDev
  1. fritz.box                                  0.0%  1000    0.8   0.7   0.7   1.3   0.1
  2. 2003:0:1801:c201::1                        0.0%  1000   21.8  21.2  20.8  24.1   0.4
  3. 2003:0:1803:8318::2                        0.0%  1000   26.7  24.7  22.2  40.6   1.4
  4. 2003:0:1306:c000::1                        0.0%  1000   28.3  30.9  27.7  90.7   8.8
  5. 2003:0:1306:c008::2                       88.5%  1000   29.4  29.1  28.6  31.5   0.5
  6. ce-0-4-0-0.r03.frnkge03.de.ce.gin.ntt.net  0.0%  1000   33.7  34.0  33.3  56.9   1.6
  7. core4.hetzner.de                           0.0%  1000   33.8  34.2  33.6  58.2   1.8
  8. core21.hetzner.de                          0.0%  1000   35.8  35.8  35.2  56.6   1.9
  9. juniper3.rz10.hetzner.de                   0.0%  1000   36.9  37.9  35.7  74.7   4.5
 10. hos-tr1.ms-ex3k2.rz13.hetzner.de           0.0%  1000   36.8  38.6  36.4  56.4   1.9
 11. ???                                       100.0  1000    0.0   0.0   0.0   0.0   0.0
 12. h2t.preissler.me                           0.0%  1000   36.0  37.4  35.7  47.3   1.4
