HOST: alix                                      Loss%   Snt   Last   Avg  Best  Wrst StDev
  1. fritz.box                                  0.0%  1000    0.8   0.7   0.7   1.2   0.1
  2. 2003:0:1801:c201::1                        0.0%  1000   21.9  21.2  20.7  24.0   0.4
  3. 2003:0:1803:8318::2                        0.0%  1000   23.6  24.6  22.2  32.9   1.2
  4. 2003:0:1306:c000::1                        0.0%  1000   28.6  30.7  27.8  96.8   9.2
  5. 2003:0:1306:c008::2                       88.0%  1000   29.2  29.1  28.3  31.8   0.5
  6. ce-0-4-0-0.r03.frnkge03.de.ce.gin.ntt.net  0.0%  1000   34.0  34.1  33.3  53.6   1.9
  7. core4.hetzner.de                           0.0%  1000   33.9  33.9  33.5  42.2   0.4
  8. core21.hetzner.de                          0.0%  1000   35.5  35.7  35.1  53.6   1.1
  9. juniper3.rz10.hetzner.de                   0.0%  1000   36.1  36.4  35.5  67.6   2.7
 10. hos-tr1.ms-ex3k2.rz13.hetzner.de           0.0%  1000   37.9  37.1  36.2  50.1   1.0
 11. ???                                       100.0  1000    0.0   0.0   0.0   0.0   0.0
 12. h2t.preissler.me                           0.0%  1000   36.4  36.1  35.5  45.3   0.6
