HOST: alix                                      Loss%   Snt   Last   Avg  Best  Wrst StDev
  1. fritz.box                                  0.0%  1000    0.9   0.7   0.7   3.1   0.1
  2. 2003:0:1801:c201::1                        0.0%  1000   21.7  21.3  20.7  65.9   1.5
  3. 2003:0:1803:8318::2                        0.0%  1000   23.5  24.8  22.0  50.3   1.9
  4. 2003:0:1306:c000::1                        0.0%  1000   28.6  30.7  27.6  95.5   9.0
  5. 2003:0:1306:c008::2                       82.5%  1000   53.4  30.0  28.5 106.7   6.3
  6. ce-0-4-0-0.r03.frnkge03.de.ce.gin.ntt.net  0.0%  1000   33.7  34.2  33.4  61.4   2.5
  7. core4.hetzner.de                           0.0%  1000   34.1  34.2  33.6  62.5   1.9
  8. core21.hetzner.de                          0.0%  1000   35.6  35.8  35.2  93.1   2.4
  9. juniper3.rz10.hetzner.de                   0.0%  1000   35.9  36.7  35.5  92.7   3.7
 10. hos-tr1.ms-ex3k2.rz13.hetzner.de           0.0%  1000   37.1  37.0  36.1  57.5   1.2
 11. ???                                       100.0  1000    0.0   0.0   0.0   0.0   0.0
 12. h2t.preissler.me                           0.0%  1000   36.3  36.1  35.5  60.0   1.2
