HOST: alix                                      Loss%   Snt   Last   Avg  Best  Wrst StDev
  1. fritz.box                                  0.0%  1000    0.7   0.7   0.7   1.1   0.1
  2. 2003:0:1801:c201::1                        0.0%  1000   21.6  21.2  20.7  24.4   0.5
  3. 2003:0:1803:8318::2                        0.0%  1000   24.9  24.6  22.2  35.0   1.3
  4. 2003:0:1306:c000::1                        0.0%  1000   28.6  30.9  27.7  94.4   8.4
  5. 2003:0:1306:c008::2                       90.9%  1000   29.1  29.2  28.4  30.9   0.5
  6. ce-0-4-0-0.r03.frnkge03.de.ce.gin.ntt.net  0.0%  1000   34.3  34.0  33.4  56.2   1.6
  7. core4.hetzner.de                           0.0%  1000   33.9  34.0  33.5  42.9   0.7
  8. core21.hetzner.de                          0.0%  1000   36.2  35.8  35.2  55.0   1.5
  9. juniper3.rz10.hetzner.de                   0.0%  1000   38.8  41.0  36.0  70.7   4.2
 10. hos-tr1.ms-ex3k2.rz13.hetzner.de           0.0%  1000   54.3  47.1  37.1  73.5   5.6
 11. ???                                       100.0  1000    0.0   0.0   0.0   0.0   0.0
 12. h2t.preissler.me                           0.4%  1000   40.8  45.3  36.1  63.6   4.5
