HOST: alix                                      Loss%   Snt   Last   Avg  Best  Wrst StDev
  1. fritz.box                                  0.0%  1000    0.7   0.7   0.7   3.7   0.1
  2. 2003:0:1801:c201::1                        0.0%  1000   21.0  21.2  20.7  23.8   0.4
  3. 2003:0:1801:c218::2                        0.0%  1000   23.6  24.7  22.3  42.9   1.5
  4. 2003:0:1306:c000::1                        0.0%  1000   29.0  30.7  27.6  94.7   9.1
  5. 2003:0:1306:c008::2                       85.5%  1000   28.7  29.7  28.3  58.8   3.5
  6. ce-0-4-0-0.r03.frnkge03.de.ce.gin.ntt.net  0.0%  1000   33.8  34.1  33.3  58.2   1.8
  7. core4.hetzner.de                           0.0%  1000   33.8  34.0  33.6  46.3   0.6
  8. core21.hetzner.de                          0.0%  1000   35.5  36.2  35.2  58.8   2.7
  9. juniper3.rz10.hetzner.de                   0.0%  1000   37.0  37.1  35.5  76.9   3.6
 10. hos-tr1.ms-ex3k2.rz13.hetzner.de           0.0%  1000   37.1  37.0  36.2  60.6   1.1
 11. ???                                       100.0  1000    0.0   0.0   0.0   0.0   0.0
 12. h2t.preissler.me                           0.0%  1000   36.1  36.1  35.5  41.9   0.5
