HOST: alix                             Loss%   Snt   Last   Avg  Best  Wrst StDev
  1. fritz.box                         0.0%  1000    0.9   0.7   0.7   1.2   0.1
  2. 2003:0:1801:c201::1               0.0%  1000   21.7  21.3  20.7  24.5   0.5
  3. 2003:0:1803:8318::2               0.0%  1000   25.7  24.6  22.3  37.0   1.4
  4. 2003:0:1308:4000::1               0.0%  1000   27.1  28.1  26.9  70.2   3.0
  5. 2003:0:1308:4007::2               0.0%  1000   28.3  28.2  27.3  59.1   2.5
  6. xe-2-0-1.fra28.ip6.gtt.net        0.0%  1000   27.7  28.0  27.1  66.0   2.9
  7. hetzner-online-gw.ip4.gtt.net     0.0%  1000   34.5  34.6  33.7  60.7   2.6
  8. core1.hetzner.de                  0.1%  1000   42.8  33.5  32.9  52.0   1.6
  9. core21.hetzner.de                 0.0%  1000   35.8  35.7  34.9  56.9   2.2
 10. juniper3.rz10.hetzner.de          0.0%  1000   39.5  41.4  35.2  77.0   5.5
 11. hos-tr3.ms-ex3k2.rz13.hetzner.de  0.0%  1000   40.0  44.8  37.1  60.0   4.4
 12. ???                              100.0  1000    0.0   0.0   0.0   0.0   0.0
 13. h2t.preissler.me                  0.0%  1000   38.9  44.2  35.7  61.5   4.1
