HOST: alix                                      Loss%   Snt   Last   Avg  Best  Wrst StDev
  1. fritz.box                                  0.0%  1000    0.8   0.7   0.7   1.6   0.1
  2. 2003:0:1801:c201::1                        0.0%  1000   21.9  21.2  20.7  23.8   0.3
  3. 2003:0:1801:c218::2                        0.0%  1000   24.1  24.5  22.3  33.2   1.3
  4. 2003:0:1306:c000::1                        0.0%  1000   33.2  30.6  27.8  93.4   8.9
  5. 2003:0:1306:c008::2                       87.5%  1000   29.1  29.2  28.3  31.3   0.5
  6. ce-0-4-0-0.r03.frnkge03.de.ce.gin.ntt.net  0.0%  1000   33.8  34.2  33.4  58.2   2.1
  7. core4.hetzner.de                           0.0%  1000   34.0  34.0  33.6  44.6   0.6
  8. core21.hetzner.de                          0.0%  1000   36.0  36.0  35.2  58.0   2.3
  9. juniper3.rz10.hetzner.de                   0.0%  1000   36.1  36.7  35.6  68.4   3.2
 10. hos-tr1.ms-ex3k2.rz13.hetzner.de           0.0%  1000   37.5  37.0  36.2  48.5   0.9
 11. ???                                       100.0  1000    0.0   0.0   0.0   0.0   0.0
 12. h2t.preissler.me                           0.0%  1000   36.0  36.0  35.5  38.2   0.4
