HOST: alix                             Loss%   Snt   Last   Avg  Best  Wrst StDev
  1. fritz.box                         0.0%  1000    0.7   0.7   0.7   3.1   0.1
  2. 2003:0:1801:c201::1               0.0%  1000   21.5  21.3  20.7  35.7   0.7
  3. 2003:0:1803:8318::2               0.0%  1000   24.2  24.6  22.3  37.2   1.4
  4. 2003:0:1308:4000::1               0.0%  1000   29.9  28.3  27.0  79.5   4.2
  5. 2003:0:1308:4007::2               0.0%  1000   27.8  28.5  27.3  85.5   3.5
  6. xe-3-0-1.fra28.ip6.gtt.net        0.0%  1000   34.7  28.4  27.6  67.9   2.5
  7. hetzner-online-gw.ip4.gtt.net     0.3%  1000   36.3  41.2  33.8  74.8   7.7
  8. core1.hetzner.de                  0.3%  1000   34.4  40.3  32.9  66.5   7.6
  9. core21.hetzner.de                 0.1%  1000   37.4  42.5  35.1  71.3   8.0
 10. juniper3.rz10.hetzner.de          0.0%  1000   40.2  44.7  35.5  86.9   9.1
 11. hos-tr3.ms-ex3k2.rz13.hetzner.de  0.1%  1000   42.8  46.8  36.9  69.8   8.3
 12. ???                              100.0  1000    0.0   0.0   0.0   0.0   0.0
 13. h2t.preissler.me                  0.0%  1000   44.6  44.7  35.2  64.1   8.1
