HOST: alix                                      Loss%   Snt   Last   Avg  Best  Wrst StDev
  1. fritz.box                                  0.0%  1000    0.7   0.7   0.7   3.1   0.1
  2. 2003:0:1801:c201::1                        0.0%  1000   21.1  21.1  20.7  24.0   0.3
  3. 2003:0:1803:8318::2                        0.0%  1000   24.0  24.6  22.3  41.3   1.4
  4. 2003:0:1306:c000::1                        0.0%  1000   28.6  30.6  27.6  94.0   8.4
  5. 2003:0:1306:c008::2                       93.2%  1000   28.9  29.1  28.5  30.8   0.4
  6. ce-0-4-0-0.r03.frnkge03.de.ce.gin.ntt.net  0.0%  1000   46.9  34.1  33.4  57.1   1.8
  7. core4.hetzner.de                           0.0%  1000   33.9  34.0  33.6  42.6   0.6
  8. core21.hetzner.de                          0.0%  1000   35.5  35.9  35.2  59.1   2.0
  9. juniper3.rz10.hetzner.de                   0.0%  1000   36.8  36.7  35.6  68.5   3.4
 10. hos-tr1.ms-ex3k2.rz13.hetzner.de           0.0%  1000   36.8  36.9  36.2  51.5   0.8
 11. ???                                       100.0  1000    0.0   0.0   0.0   0.0   0.0
 12. h2t.preissler.me                           0.0%  1000   36.2  36.0  35.5  40.0   0.4
