HOST: alix                                      Loss%   Snt   Last   Avg  Best  Wrst StDev
  1. fritz.box                                  0.0%  1000    1.0   0.7   0.7   1.3   0.1
  2. 2003:0:1801:c201::1                        0.0%  1000   21.3  21.2  20.7  41.8   0.9
  3. 2003:0:1801:c218::2                        0.0%  1000   25.4  24.7  22.3  50.5   1.6
  4. 2003:0:1306:c000::1                        0.0%  1000   28.4  31.2  27.8  97.4  10.2
  5. 2003:0:1306:c008::2                       84.7%  1000   29.3  29.2  28.4  31.5   0.5
  6. ce-0-4-0-0.r03.frnkge03.de.ce.gin.ntt.net  0.0%  1000   34.3  34.4  33.4  78.5   2.7
  7. core4.hetzner.de                           0.0%  1000   34.4  34.3  33.6  57.4   2.3
  8. core21.hetzner.de                          0.0%  1000   36.0  36.0  35.2  64.8   2.0
  9. juniper3.rz10.hetzner.de                   0.0%  1000   36.4  36.5  35.7  66.4   2.6
 10. hos-tr1.ms-ex3k2.rz13.hetzner.de           0.0%  1000   37.3  37.6  36.4  57.7   1.7
 11. ???                                       100.0  1000    0.0   0.0   0.0   0.0   0.0
 12. h2t.preissler.me                           0.0%  1000   36.1  36.2  35.5  60.2   0.9
