HOST: alix                                      Loss%   Snt   Last   Avg  Best  Wrst StDev
  1. fritz.box                                  0.0%  1000    0.8   0.7   0.7   1.2   0.1
  2. 2003:0:1801:c201::1                        0.0%  1000   21.6  21.2  20.8  22.9   0.3
  3. 2003:0:1803:8318::2                        0.0%  1000   24.8  24.5  21.9  43.0   1.4
  4. 2003:0:1306:c000::1                        0.0%  1000   28.3  30.5  27.6 103.3   8.5
  5. 2003:0:1306:c008::2                       90.7%  1000   29.4  29.2  28.5  32.7   0.5
  6. ce-0-4-0-0.r03.frnkge03.de.ce.gin.ntt.net  0.1%  1000   52.3  50.2  33.7  71.5   5.1
  7. core4.hetzner.de                           0.2%  1000   51.4  50.4  33.8  81.5   5.4
  8. core21.hetzner.de                          0.1%  1000   53.5  52.2  35.5  79.3   5.4
  9. juniper3.rz10.hetzner.de                   0.3%  1000   57.1  53.9  36.0  90.1   6.9
 10. hos-tr1.ms-ex3k2.rz13.hetzner.de           0.2%  1000   59.1  53.5  36.6  72.9   5.3
 11. ???                                       100.0  1000    0.0   0.0   0.0   0.0   0.0
 12. h2t.preissler.me                           0.0%  1000   52.3  52.6  35.8  63.5   5.2
