HOST: alix                                      Loss%   Snt   Last   Avg  Best  Wrst StDev
  1. fritz.box                                  0.0%  1000    0.7   0.7   0.7   3.1   0.1
  2. 2003:0:1801:c201::1                        0.0%  1000   21.4  21.1  20.7  30.1   0.5
  3. 2003:0:1803:8318::2                        0.0%  1000   23.5  24.4  22.2  38.6   1.3
  4. 2003:0:1306:c000::1                        0.0%  1000   28.6  30.5  27.7  93.5   8.2
  5. 2003:0:1306:c008::2                       92.5%  1000   29.3  29.2  28.4  31.8   0.5
  6. ce-0-4-0-0.r03.frnkge03.de.ce.gin.ntt.net  1.0%  1000   34.4  34.4  33.3  58.2   2.5
  7. core4.hetzner.de                           0.0%  1000   33.9  34.0  33.6  41.8   0.5
  8. core21.hetzner.de                          0.0%  1000   41.1  35.8  35.2  54.7   1.2
  9. juniper3.rz10.hetzner.de                   0.0%  1000   36.1  36.6  35.6  81.4   3.3
 10. hos-tr1.ms-ex3k2.rz13.hetzner.de           0.0%  1000   37.1  37.1  36.2  50.8   1.0
 11. ???                                       100.0  1000    0.0   0.0   0.0   0.0   0.0
 12. h2t.preissler.me                           0.0%  1000   36.1  36.1  35.4  48.3   0.6
