HOST: alix                                      Loss%   Snt   Last   Avg  Best  Wrst StDev
  1. fritz.box                                  0.0%  1000    0.8   0.7   0.7   6.5   0.3
  2. 2003:0:1801:c201::1                        0.1%  1000   21.5  23.5  20.7  85.4  10.4
  3. 2003:0:1803:8318::2                        0.1%  1000   25.4  26.7  22.1  90.5  10.3
  4. 2003:0:1306:c000::1                        0.0%  1000   28.5  33.1  27.8 123.3  13.5
  5. 2003:0:1306:c008::2                       79.8%  1000   29.0  32.3  28.5  89.4  11.9
  6. ce-0-4-0-0.r03.frnkge03.de.ce.gin.ntt.net  0.9%  1000   55.6  58.5  51.2 120.4  10.6
  7. core4.hetzner.de                           1.1%  1000   56.5  58.2  50.0 120.1  10.1
  8. core21.hetzner.de                          0.7%  1000   58.9  60.4  53.8 124.1  11.1
  9. juniper3.rz10.hetzner.de                   1.2%  1000   59.0  60.8  52.0 131.8  10.9
 10. hos-tr1.ms-ex3k2.rz13.hetzner.de           0.6%  1000   58.7  61.4  52.7 123.7  10.6
 11. ???                                       100.0  1000    0.0   0.0   0.0   0.0   0.0
 12. h2t.preissler.me                           0.4%  1000   58.2  60.5  52.9 123.0  10.7
