HOST: alix                                      Loss%   Snt   Last   Avg  Best  Wrst StDev
  1. fritz.box                                  0.0%  1000    0.8   0.7   0.7   2.4   0.1
  2. 2003:0:1801:c201::1                        0.0%  1000   21.7  21.3  20.8  24.3   0.6
  3. 2003:0:1803:8318::2                        0.0%  1000   22.6  24.7  22.1  47.4   1.6
  4. 2003:0:1306:c000::1                        0.1%  1000   28.5  31.2  27.7 120.1   9.2
  5. 2003:0:1306:c008::2                       88.9%  1000   29.0  42.1  28.5  57.3  10.4
  6. ce-0-4-0-0.r03.frnkge03.de.ce.gin.ntt.net  0.3%  1000   47.9  53.7  35.4  76.3   4.6
  7. core4.hetzner.de                           0.3%  1000   50.8  53.6  35.9  65.2   4.1
  8. core21.hetzner.de                          0.3%  1000   52.6  55.5  37.2 100.0   4.7
  9. juniper3.rz10.hetzner.de                   0.4%  1000   51.9  56.0  37.1  89.5   5.0
 10. hos-tr1.ms-ex3k2.rz13.hetzner.de           0.4%  1000   54.4  56.4  38.4  67.2   4.2
 11. ???                                       100.0  1000    0.0   0.0   0.0   0.0   0.0
 12. h2t.preissler.me                           0.3%  1000   58.6  55.5  36.4  61.1   4.2
