HOST: alix                             Loss%   Snt   Last   Avg  Best  Wrst StDev
  1. fritz.box                         0.0%  1000    0.8   0.7   0.7   1.8   0.1
  2. 2003:0:1801:c201::1               0.0%  1000   21.4  21.5  20.7  54.9   2.4
  3. 2003:0:1801:c218::2               0.1%  1000   25.2  24.9  22.3  67.4   3.2
  4. 2003:0:1308:4000::1               0.0%  1000   28.2  28.2  26.9  87.5   4.2
  5. 2003:0:1308:4007::2               0.0%  1000   28.4  28.8  27.3  75.4   4.4
  6. xe-3-0-0.fra28.ip6.gtt.net        0.0%  1000   28.6  28.5  27.1  79.3   4.5
  7. hetzner-online-gw.ip4.gtt.net     1.1%  1000   40.0  34.8  33.8  67.3   3.1
  8. core1.hetzner.de                  1.6%  1000   46.1  33.8  32.9  65.6   2.5
  9. core21.hetzner.de                 0.0%  1000   36.0  36.1  35.0  74.6   3.3
 10. juniper3.rz10.hetzner.de          0.0%  1000   35.8  36.4  35.3  67.8   3.3
 11. hos-tr3.ms-ex3k2.rz13.hetzner.de  0.0%  1000   37.9  37.7  36.4  72.4   2.4
 12. ???                              100.0  1000    0.0   0.0   0.0   0.0   0.0
 13. h2t.preissler.me                  0.0%  1000   35.6  35.6  34.8  68.6   2.4
