HOST: alix                                      Loss%   Snt   Last   Avg  Best  Wrst StDev
  1. fritz.box                                  0.0%  1000    0.8   0.7   0.7   2.8   0.1
  2. 2003:0:1801:c201::1                        0.0%  1000   21.7  21.3  20.8  82.7   2.0
  3. 2003:0:1803:8318::2                        0.2%  1000   25.8  24.7  22.2  58.5   2.1
  4. 2003:0:1306:c000::1                        0.0%  1000   28.3  31.0  27.7  93.5   9.5
  5. 2003:0:1306:c008::2                       75.1%  1000   40.8  51.0  37.5  65.7   4.6
  6. ce-0-4-0-0.r03.frnkge03.de.ce.gin.ntt.net  0.0%  1000   34.0  35.8  33.6  61.7   3.0
  7. core4.hetzner.de                           0.0%  1000   34.1  35.5  33.7  60.1   2.3
  8. core21.hetzner.de                          0.0%  1000   37.5  37.6  35.4  69.2   3.3
  9. juniper3.rz10.hetzner.de                   0.0%  1000   36.8  38.2  35.6  77.0   4.1
 10. hos-tr1.ms-ex3k2.rz13.hetzner.de           0.0%  1000   38.3  38.7  36.1  80.1   2.9
 11. ???                                       100.0  1000    0.0   0.0   0.0   0.0   0.0
 12. h2t.preissler.me                           0.0%  1000   38.0  37.9  35.6  92.5   3.0
