HOST: alix                             Loss%   Snt   Last   Avg  Best  Wrst StDev
  1. fritz.box                         0.0%  1000    0.8   0.7   0.7   1.1   0.1
  2. 2003:0:1801:c201::1               0.0%  1000   21.3  21.3  20.7  24.3   0.5
  3. 2003:0:1801:c218::2               0.0%  1000   24.4  24.8  22.3  46.5   1.4
  4. 2003:0:1308:4000::1               0.0%  1000   27.6  27.9  26.9  81.1   3.1
  5. 2003:0:1308:4007::2               0.0%  1000   27.6  28.2  27.4  70.5   2.9
  6. xe-3-0-1.fra28.ip6.gtt.net        0.0%  1000   27.3  28.5  27.2  73.1   3.1
  7. hetzner-online-gw.ip4.gtt.net     0.1%  1000   34.3  34.5  33.8  57.4   2.0
  8. core1.hetzner.de                  0.1%  1000   33.4  33.7  32.9  53.6   2.2
  9. core21.hetzner.de                 0.0%  1000   35.4  35.6  34.9  57.8   1.8
 10. juniper3.rz10.hetzner.de          0.0%  1000   39.4  43.0  35.3  72.8   5.5
 11. hos-tr3.ms-ex3k2.rz13.hetzner.de  0.0%  1000   45.4  47.4  38.0  75.1   6.1
 12. ???                              100.0  1000    0.0   0.0   0.0   0.0   0.0
 13. h2t.preissler.me                  0.0%  1000   49.3  47.2  36.0  68.9   6.3
