HOST: alix                                      Loss%   Snt   Last   Avg  Best  Wrst StDev
  1. fritz.box                                  0.0%  1000    0.7   0.7   0.7   1.3   0.1
  2. 2003:0:1801:c201::1                        0.0%  1000   21.2  21.2  20.7  44.2   0.9
  3. 2003:0:1803:8318::2                        0.0%  1000   27.0  24.6  22.3  33.8   1.3
  4. 2003:0:1306:c000::1                        0.0%  1000   28.8  30.8  27.8  96.8   9.1
  5. 2003:0:1306:c008::2                       88.7%  1000   28.9  29.1  28.5  35.1   0.7
  6. ce-0-4-0-0.r03.frnkge03.de.ce.gin.ntt.net  0.0%  1000   34.4  34.0  33.4  56.2   1.7
  7. core4.hetzner.de                           0.0%  1000   34.3  34.1  33.6  54.9   1.4
  8. core21.hetzner.de                          0.0%  1000   36.3  36.2  35.2  67.8   2.9
  9. juniper3.rz10.hetzner.de                   0.0%  1000   38.6  39.8  35.7  77.1   4.9
 10. hos-tr1.ms-ex3k2.rz13.hetzner.de           0.0%  1000   37.7  41.2  36.3  64.3   4.1
 11. ???                                       100.0  1000    0.0   0.0   0.0   0.0   0.0
 12. h2t.preissler.me                           0.0%  1000   36.8  39.3  35.6  59.3   3.2
