HOST: alix                                      Loss%   Snt   Last   Avg  Best  Wrst StDev
  1. fritz.box                                  0.0%  1000    0.7   0.7   0.7   1.7   0.1
  2. 2003:0:1801:c201::1                        0.0%  1000   21.1  26.1  20.7  53.5   5.3
  3. 2003:0:1801:c218::2                        0.0%  1000   24.4  30.4  22.4  50.6   6.2
  4. 2003:0:1306:c000::1                        0.0%  1000   28.6  36.4  27.7 126.2  10.2
  5. 2003:0:1306:c008::2                       91.6%  1000   28.7  34.8  28.6  54.0   6.5
  6. ce-0-4-0-0.r03.frnkge03.de.ce.gin.ntt.net  0.0%  1000   34.1  40.0  33.3  86.1   6.5
  7. core4.hetzner.de                           0.0%  1000   33.8  39.9  33.6  82.8   6.2
  8. core21.hetzner.de                          0.0%  1000   36.1  41.8  35.2  73.8   6.4
  9. juniper3.rz10.hetzner.de                   0.0%  1000   36.3  42.6  35.7  78.0   6.9
 10. hos-tr1.ms-ex3k2.rz13.hetzner.de           0.0%  1000   37.3  43.0  36.3  60.3   6.1
 11. ???                                       100.0  1000    0.0   0.0   0.0   0.0   0.0
 12. h2t.preissler.me                           0.0%  1000   36.3  42.3  35.5  70.1   6.3
