HOST: alix                                      Loss%   Snt   Last   Avg  Best  Wrst StDev
  1. fritz.box                                  0.0%  1000    0.8   0.7   0.7   4.7   0.2
  2. 2003:0:1801:c201::1                        0.0%  1000   21.5  21.2  20.8  25.4   0.4
  3. 2003:0:1801:c218::2                        0.0%  1000   25.3  24.6  22.3  41.2   1.4
  4. 2003:0:1306:c000::1                        0.0%  1000   28.7  30.5  27.8  94.6   8.5
  5. 2003:0:1306:c008::2                       87.6%  1000   54.5  44.2  28.8  57.8   8.6
  6. ce-0-4-0-0.r03.frnkge03.de.ce.gin.ntt.net  0.0%  1000   34.3  34.2  33.4  55.8   1.9
  7. core4.hetzner.de                           0.0%  1000   34.4  34.2  33.6  55.7   1.4
  8. core21.hetzner.de                          0.0%  1000   35.5  35.9  35.2  58.5   2.0
  9. juniper3.rz10.hetzner.de                   0.0%  1000   36.5  36.5  35.6  66.2   3.0
 10. hos-tr1.ms-ex3k2.rz13.hetzner.de           0.0%  1000   37.7  37.0  36.2  47.2   0.9
 11. ???                                       100.0  1000    0.0   0.0   0.0   0.0   0.0
 12. h2t.preissler.me                           0.0%  1000   36.6  36.1  35.5  39.8   0.4
