HOST: alix                             Loss%   Snt   Last   Avg  Best  Wrst StDev
  1. fritz.box                         0.0%  1000    0.8   0.7   0.7   3.5   0.1
  2. 2003:0:1801:c201::1               0.0%  1000   21.6  21.3  20.7  23.7   0.5
  3. 2003:0:1801:c218::2               0.0%  1000   26.7  24.7  22.3  41.3   1.7
  4. 2003:0:1308:4000::1               0.0%  1000   28.0  28.1  26.9  68.3   3.6
  5. 2003:0:1308:4007::2               0.0%  1000   30.9  28.6  27.4  71.4   3.4
  6. xe-3-0-0.fra28.ip6.gtt.net        0.0%  1000   29.2  28.5  27.1  82.0   3.7
  7. hetzner-online-gw.ip4.gtt.net     0.3%  1000   34.3  34.7  33.8  57.1   2.1
  8. core1.hetzner.de                  0.7%  1000   34.1  33.8  32.9  72.1   2.1
  9. core21.hetzner.de                 0.0%  1000   35.6  36.2  35.0  60.3   2.9
 10. juniper3.rz10.hetzner.de          0.0%  1000   36.4  37.0  35.3  93.2   4.7
 11. hos-tr3.ms-ex3k2.rz13.hetzner.de  0.0%  1000   37.5  37.7  36.6  45.6   1.0
 12. ???                              100.0  1000    0.0   0.0   0.0   0.0   0.0
 13. h2t.preissler.me                  0.0%  1000   35.7  35.6  34.8  42.9   0.8
