HOST: alix                             Loss%   Snt   Last   Avg  Best  Wrst StDev
  1. fritz.box                         0.0%  1000    0.8   0.7   0.7   1.1   0.1
  2. 2003:0:1801:c201::1               0.0%  1000   21.3  21.3  20.7  25.1   0.5
  3. 2003:0:1803:8318::2               0.0%  1000   25.6  24.7  22.3  38.8   1.3
  4. 2003:0:1308:4000::1               0.0%  1000   27.7  28.1  27.0  69.7   2.9
  5. 2003:0:1308:4007::2               0.0%  1000   28.1  28.3  27.3  72.0   3.1
  6. xe-2-0-0.fra28.ip6.gtt.net        0.0%  1000   27.6  28.1  27.1  79.1   3.7
  7. hetzner-online-gw.ip4.gtt.net     0.0%  1000   34.3  34.4  33.7  60.5   1.9
  8. core1.hetzner.de                  0.7%  1000   33.4  33.7  32.9  54.6   2.0
  9. core21.hetzner.de                 0.0%  1000   35.2  35.8  35.0  64.6   2.7
 10. juniper3.rz10.hetzner.de          0.0%  1000   36.6  38.5  35.4  72.3   3.9
 11. hos-tr3.ms-ex3k2.rz13.hetzner.de  0.0%  1000   40.6  42.1  37.0  59.5   3.3
 12. ???                              100.0  1000    0.0   0.0   0.0   0.0   0.0
 13. h2t.preissler.me                  0.0%  1000   39.8  39.8  35.1  53.9   3.1
