HOST: alix                                      Loss%   Snt   Last   Avg  Best  Wrst StDev
  1. fritz.box                                  0.0%  1000    0.8   0.7   0.7   5.1   0.2
  2. 2003:0:1801:c201::1                        0.0%  1000   21.8  21.3  20.7  59.0   1.3
  3. 2003:0:1803:8318::2                        0.0%  1000   24.6  24.6  22.3  42.3   1.5
  4. 2003:0:1306:c000::1                        0.0%  1000   28.7  30.5  27.8 128.9   8.7
  5. 2003:0:1306:c008::2                       75.5%  1000   64.9  72.9  52.9 106.1  13.5
  6. ce-0-4-0-0.r03.frnkge03.de.ce.gin.ntt.net  2.2%  1000   83.8  75.1  55.9 120.9  16.4
  7. core4.hetzner.de                           1.2%  1000   85.0  75.0  55.9 112.3  16.5
  8. core21.hetzner.de                          1.7%  1000   89.9  77.1  57.4 128.9  16.9
  9. juniper3.rz10.hetzner.de                   1.3%  1000   91.9  77.4  57.4 128.2  16.8
 10. hos-tr1.ms-ex3k2.rz13.hetzner.de           1.9%  1000   91.7  78.3  58.7 111.0  16.3
 11. ???                                       100.0  1000    0.0   0.0   0.0   0.0   0.0
 12. h2t.preissler.me                           1.7%  1000   87.3  77.1  57.4 113.8  16.4
