HOST: alix                                      Loss%   Snt   Last   Avg  Best  Wrst StDev
  1. fritz.box                                  0.0%  1000    0.8   0.7   0.7   1.7   0.1
  2. 2003:0:1801:c201::1                        0.0%  1000   21.6  21.4  20.7  67.2   2.0
  3. 2003:0:1803:8318::2                        0.0%  1000   23.3  24.7  22.2  58.6   2.1
  4. 2003:0:1306:c000::1                        0.0%  1000   28.9  31.3  27.7 112.3   9.9
  5. 2003:0:1306:c008::2                       87.4%  1000   29.5  29.3  28.3  31.4   0.6
  6. ce-0-4-0-0.r03.frnkge03.de.ce.gin.ntt.net  0.0%  1000   34.3  34.3  33.3  86.0   2.9
  7. core4.hetzner.de                           0.0%  1000   34.2  34.2  33.6  57.7   1.5
  8. core21.hetzner.de                          0.0%  1000   36.1  36.2  35.2  60.1   2.6
  9. juniper3.rz10.hetzner.de                   0.0%  1000   52.1  36.7  35.7  64.5   3.4
 10. hos-tr1.ms-ex3k2.rz13.hetzner.de           0.0%  1000   37.4  37.2  36.2  76.8   1.9
 11. ???                                       100.0  1000    0.0   0.0   0.0   0.0   0.0
 12. h2t.preissler.me                           0.0%  1000   36.6  36.2  35.6  59.9   1.5
