HOST: alix                                      Loss%   Snt   Last   Avg  Best  Wrst StDev
  1. fritz.box                                  0.0%  1000    0.8   0.7   0.7   3.7   0.1
  2. 2003:0:1801:c201::1                        0.0%  1000   21.4  21.2  20.8  24.0   0.5
  3. 2003:0:1801:c218::2                        0.0%  1000   23.1  24.6  22.4  34.9   1.3
  4. 2003:0:1306:c000::1                        0.0%  1000   28.7  30.6  27.8  94.9   8.6
  5. 2003:0:1306:c008::2                       85.7%  1000   29.3  29.1  28.5  30.6   0.4
  6. ce-0-4-0-0.r03.frnkge03.de.ce.gin.ntt.net  0.0%  1000   34.1  34.1  33.4  54.9   1.8
  7. core4.hetzner.de                           0.0%  1000   34.3  34.1  33.6  42.8   0.7
  8. core21.hetzner.de                          0.0%  1000   35.6  36.0  35.2  60.5   2.4
  9. juniper3.rz10.hetzner.de                   0.0%  1000   60.6  40.0  35.7  73.1   4.4
 10. hos-tr1.ms-ex3k2.rz13.hetzner.de           0.0%  1000   47.2  44.0  36.7  63.3   4.6
 11. ???                                       100.0  1000    0.0   0.0   0.0   0.0   0.0
 12. h2t.preissler.me                           0.0%  1000   49.0  44.9  35.7  60.8   4.9
