HOST: alix                                      Loss%   Snt   Last   Avg  Best  Wrst StDev
  1. fritz.box                                  0.0%  1000    0.8   0.7   0.7   3.0   0.1
  2. 2003:0:1801:c201::1                        0.0%  1000   21.5  21.3  20.7  24.1   0.4
  3. 2003:0:1801:c218::2                        0.7%  1000   26.0  24.6  22.2  41.3   1.5
  4. 2003:0:1306:c000::1                        0.0%  1000   28.8  31.1  27.8  93.5   9.3
  5. 2003:0:1306:c008::2                       86.4%  1000   48.9  48.7  29.3  59.8   6.7
  6. ce-0-4-0-0.r03.frnkge03.de.ce.gin.ntt.net  0.4%  1000   56.0  56.3  51.1  78.3   2.1
  7. core4.hetzner.de                           1.1%  1000   56.7  56.4  51.6  66.5   1.6
  8. core21.hetzner.de                          0.5%  1000   58.4  58.4  53.1  80.9   2.5
  9. juniper3.rz10.hetzner.de                   0.6%  1000   58.1  58.7  53.0  91.6   3.3
 10. hos-tr1.ms-ex3k2.rz13.hetzner.de           0.7%  1000   59.2  59.4  53.9  70.5   1.5
 11. ???                                       100.0  1000    0.0   0.0   0.0   0.0   0.0
 12. h2t.preissler.me                           0.2%  1000   59.1  58.5  53.9  71.7   1.4
