HOST: alix                                      Loss%   Snt   Last   Avg  Best  Wrst StDev
  1. fritz.box                                  0.0%  1000    2.4   0.7   0.7   2.7   0.2
  2. 2003:0:1801:c201::1                        0.1%  1000   59.1  21.8  20.7  79.0   4.9
  3. 2003:0:1801:c218::2                        0.5%  1000   69.2  25.1  22.2  87.5   4.9
  4. 2003:0:1306:c000::1                        0.0%  1000   84.4  31.1  27.8  94.4  10.0
  5. 2003:0:1306:c008::2                       78.8%  1000   73.0  66.7  28.3 150.8  27.6
  6. ce-0-4-0-0.r03.frnkge03.de.ce.gin.ntt.net  0.7%  1000  112.8  85.9  54.8 171.4  30.7
  7. core4.hetzner.de                           1.4%  1000  116.3  85.8  54.9 158.2  30.7
  8. core21.hetzner.de                          1.4%  1000  110.6  87.7  56.4 188.7  30.6
  9. juniper3.rz10.hetzner.de                   1.5%  1000  116.4  88.9  56.7 214.1  31.4
 10. hos-tr1.ms-ex3k2.rz13.hetzner.de           1.9%  1000  120.4  89.1  57.2 193.7  31.1
 11. ???                                       100.0  1000    0.0   0.0   0.0   0.0   0.0
 12. h2t.preissler.me                           2.1%  1000  108.3  87.9  56.7 178.4  30.7
