HOST: alix                                      Loss%   Snt   Last   Avg  Best  Wrst StDev
  1. fritz.box                                  0.0%  1000    0.8   0.7   0.7   4.9   0.2
  2. 2003:0:1801:c201::1                        0.0%  1000   21.2  21.2  20.7  28.8   0.4
  3. 2003:0:1803:8318::2                        0.0%  1000   23.8  24.6  22.1  41.7   1.4
  4. 2003:0:1306:c000::1                        0.0%  1000   28.4  31.0  27.6 108.6  10.2
  5. 2003:0:1306:c008::2                       91.9%  1000   29.1  30.5  28.4 137.6  12.1
  6. ce-0-4-0-0.r03.frnkge03.de.ce.gin.ntt.net  0.0%  1000   33.8  34.5  33.4  67.2   2.8
  7. core4.hetzner.de                           0.0%  1000   33.9  34.0  33.6  44.1   0.7
  8. core21.hetzner.de                          0.0%  1000   35.6  35.8  35.2  56.6   1.8
  9. juniper3.rz10.hetzner.de                   0.0%  1000   36.9  36.5  35.4  71.4   3.0
 10. hos-tr1.ms-ex3k2.rz13.hetzner.de           0.0%  1000   37.1  37.0  36.2  44.5   0.7
 11. ???                                       100.0  1000    0.0   0.0   0.0   0.0   0.0
 12. h2t.preissler.me                           0.0%  1000   36.2  36.0  35.4  38.4   0.4
