HOST: alix                                      Loss%   Snt   Last   Avg  Best  Wrst StDev
  1. fritz.box                                  0.0%  1000    0.8   0.7   0.7   1.1   0.1
  2. 2003:0:1801:c201::1                        0.0%  1000   21.8  21.3  20.8  24.1   0.4
  3. 2003:0:1801:c218::2                        0.0%  1000   26.0  24.6  22.3  36.9   1.4
  4. 2003:0:1306:c000::1                        0.0%  1000   28.3  31.0  27.8 119.8   9.8
  5. 2003:0:1306:c008::2                       71.8%  1000   29.4  59.9  28.8  86.1  12.6
  6. ce-0-4-0-0.r03.frnkge03.de.ce.gin.ntt.net  0.5%  1000   61.6  86.6  51.4 129.6  14.3
  7. core4.hetzner.de                           0.7%  1000   56.6  86.5  52.3 117.4  14.2
  8. core21.hetzner.de                          1.0%  1000   58.0  88.3  55.3 119.7  14.2
  9. juniper3.rz10.hetzner.de                   0.3%  1000   78.8  89.9  55.8 147.3  15.0
 10. hos-tr1.ms-ex3k2.rz13.hetzner.de           0.4%  1000   59.2  89.4  57.1 121.4  14.2
 11. ???                                       100.0  1000    0.0   0.0   0.0   0.0   0.0
 12. h2t.preissler.me                           0.5%  1000   59.0  88.4  55.1 120.8  14.2
