HOST: alix                                      Loss%   Snt   Last   Avg  Best  Wrst StDev
  1. fritz.box                                  0.0%  1000    0.8   0.7   0.7   1.4   0.1
  2. 2003:0:1801:c201::1                        0.0%  1000   21.2  21.2  20.7  32.3   0.5
  3. 2003:0:1801:c218::2                        0.0%  1000   25.9  24.6  22.1  53.7   1.8
  4. 2003:0:1306:c000::1                        0.0%  1000   28.6  31.1  27.8  94.7   8.9
  5. 2003:0:1306:c008::2                       82.4%  1000   28.8  30.7  28.7  39.8   2.3
  6. ce-0-4-0-0.r03.frnkge03.de.ce.gin.ntt.net  0.0%  1000   37.0  37.2  33.6  58.6   3.8
  7. core4.hetzner.de                           0.0%  1000   35.6  37.1  33.6  68.5   3.9
  8. core21.hetzner.de                          0.0%  1000   41.5  38.7  35.4  68.7   3.8
  9. juniper3.rz10.hetzner.de                   0.0%  1000   42.8  39.2  35.7  74.0   4.4
 10. hos-tr1.ms-ex3k2.rz13.hetzner.de           0.0%  1000   45.0  39.9  36.3  58.2   3.5
 11. ???                                       100.0  1000    0.0   0.0   0.0   0.0   0.0
 12. h2t.preissler.me                           0.0%  1000   43.8  39.2  35.8  57.8   3.5
