HOST: alix                                      Loss%   Snt   Last   Avg  Best  Wrst StDev
  1. fritz.box                                  0.0%  1000    0.8   0.7   0.7   1.5   0.1
  2. 2003:0:1801:c201::1                        0.0%  1000   21.1  21.2  20.7  24.1   0.3
  3. 2003:0:1803:8318::2                        0.0%  1000   22.8  24.5  22.2  30.8   1.2
  4. 2003:0:1306:c000::1                        0.0%  1000   28.5  31.0  27.7  91.4   9.2
  5. 2003:0:1306:c008::2                       88.0%  1000   29.1  29.1  28.5  30.8   0.4
  6. ce-0-4-0-0.r03.frnkge03.de.ce.gin.ntt.net  0.0%  1000   33.9  34.2  33.4  54.8   2.0
  7. core4.hetzner.de                           0.0%  1000   34.3  34.0  33.6  48.0   0.9
  8. core21.hetzner.de                          0.0%  1000   36.5  35.8  35.2  57.4   1.8
  9. juniper3.rz10.hetzner.de                   0.0%  1000   36.3  36.5  35.4  67.4   2.8
 10. hos-tr1.ms-ex3k2.rz13.hetzner.de           0.0%  1000   37.1  37.0  36.3  49.0   0.9
 11. ???                                       100.0  1000    0.0   0.0   0.0   0.0   0.0
 12. h2t.preissler.me                           0.0%  1000   36.8  36.0  35.5  38.7   0.4
