HOST: alix                                      Loss%   Snt   Last   Avg  Best  Wrst StDev
  1. fritz.box                                  0.0%  1000    0.7   0.7   0.7   1.3   0.1
  2. 2003:0:1801:c201::1                        0.0%  1000   21.1  21.2  20.7  38.9   0.7
  3. 2003:0:1803:8318::2                        0.2%  1000   26.1  24.5  21.8  31.0   1.2
  4. 2003:0:1306:c000::1                        0.0%  1000   28.5  30.8  27.7  94.0   8.8
  5. 2003:0:1306:c008::2                       91.5%  1000   28.9  29.2  28.6  30.9   0.5
  6. ce-0-4-0-0.r03.frnkge03.de.ce.gin.ntt.net  0.0%  1000   33.9  34.2  33.4  55.8   2.0
  7. core4.hetzner.de                           0.0%  1000   34.5  34.0  33.6  42.9   0.6
  8. core21.hetzner.de                          0.0%  1000   35.9  36.0  35.2  57.5   2.3
  9. juniper3.rz10.hetzner.de                   0.0%  1000   36.7  36.4  35.6  67.8   2.4
 10. hos-tr1.ms-ex3k2.rz13.hetzner.de           0.0%  1000   36.8  37.0  36.1  45.0   0.9
 11. ???                                       100.0  1000    0.0   0.0   0.0   0.0   0.0
 12. h2t.preissler.me                           0.0%  1000   36.2  36.1  35.5  58.1   0.8
