HOST: alix                                      Loss%   Snt   Last   Avg  Best  Wrst StDev
  1. fritz.box                                  0.0%  1000    0.7   0.7   0.7   1.3   0.1
  2. 2003:0:1801:c201::1                        0.0%  1000   21.1  21.1  20.7  23.9   0.3
  3. 2003:0:1803:8318::2                        0.0%  1000   26.5  24.5  22.2  35.6   1.3
  4. 2003:0:1306:c000::1                        0.0%  1000   28.6  30.6  27.5  94.2   8.8
  5. 2003:0:1306:c008::2                       90.1%  1000   29.3  29.2  28.3  31.3   0.5
  6. ce-0-4-0-0.r03.frnkge03.de.ce.gin.ntt.net  0.0%  1000   34.4  34.0  33.3  55.5   1.5
  7. core4.hetzner.de                           0.0%  1000   34.1  34.1  33.6  43.9   0.7
  8. core21.hetzner.de                          0.0%  1000   35.9  36.0  35.2  58.3   2.4
  9. juniper3.rz10.hetzner.de                   0.0%  1000   36.1  36.5  35.5  68.1   2.9
 10. hos-tr1.ms-ex3k2.rz13.hetzner.de           0.0%  1000   37.3  36.9  36.3  43.1   0.7
 11. ???                                       100.0  1000    0.0   0.0   0.0   0.0   0.0
 12. h2t.preissler.me                           0.0%  1000   36.0  36.2  35.5  38.7   0.6
