HOST: alix                                      Loss%   Snt   Last   Avg  Best  Wrst StDev
  1. fritz.box                                  0.0%  1000    0.7   0.7   0.7   1.2   0.1
  2. 2003:0:1801:c201::1                        0.0%  1000   21.5  21.2  20.7  24.1   0.4
  3. 2003:0:1801:c218::2                        0.0%  1000   24.8  24.5  22.1  36.3   1.3
  4. 2003:0:1306:c000::1                        0.0%  1000   28.5  31.1  27.7 157.8   9.8
  5. 2003:0:1306:c008::2                       83.6%  1000   28.9  29.2  28.4  31.8   0.5
  6. ce-0-4-0-0.r03.frnkge03.de.ce.gin.ntt.net  0.0%  1000   34.3  34.2  33.3  58.5   2.3
  7. core4.hetzner.de                           0.0%  1000   34.0  34.0  33.6  43.8   0.7
  8. core21.hetzner.de                          0.0%  1000   35.9  35.9  35.2  57.5   2.1
  9. juniper3.rz10.hetzner.de                   0.0%  1000   36.0  36.6  35.6  63.2   2.8
 10. hos-tr1.ms-ex3k2.rz13.hetzner.de           0.0%  1000   37.1  37.1  36.0  50.3   1.0
 11. ???                                       100.0  1000    0.0   0.0   0.0   0.0   0.0
 12. h2t.preissler.me                           0.0%  1000   36.0  36.1  35.5  39.8   0.5
