HOST: alix                             Loss%   Snt   Last   Avg  Best  Wrst StDev
  1. fritz.box                         0.0%  1000    0.8   0.7   0.7   1.2   0.1
  2. 2003:0:1801:c201::1               0.0%  1000   21.7  21.3  20.7  25.5   0.5
  3. 2003:0:1801:c218::2               0.0%  1000   25.2  24.7  22.0  41.1   1.5
  4. 2003:0:1308:4000::1               0.0%  1000   51.1  28.2  26.9  83.3   4.4
  5. 2003:0:1308:4007::2               0.0%  1000   27.9  28.5  27.4  64.9   3.3
  6. xe-3-0-0.fra28.ip6.gtt.net        0.0%  1000   27.6  28.2  27.1  78.1   3.1
  7. hetzner-online-gw.ip4.gtt.net     0.0%  1000   34.4  34.6  33.8  57.9   2.3
  8. core1.hetzner.de                  0.2%  1000   34.0  33.7  32.9  54.8   2.0
  9. core21.hetzner.de                 0.0%  1000   35.8  35.8  35.0  58.5   2.4
 10. juniper3.rz10.hetzner.de          0.0%  1000   35.8  36.9  35.2  84.9   4.7
 11. hos-tr3.ms-ex3k2.rz13.hetzner.de  0.0%  1000   37.7  37.5  36.3  45.7   0.9
 12. ???                              100.0  1000    0.0   0.0   0.0   0.0   0.0
 13. h2t.preissler.me                  0.0%  1000   35.5  35.4  34.8  39.5   0.4
