HOST: alix                                      Loss%   Snt   Last   Avg  Best  Wrst StDev
  1. fritz.box                                  0.0%  1000    0.8   0.7   0.7   2.2   0.1
  2. 2003:0:1801:c201::1                        0.0%  1000   21.5  21.8  20.7  81.5   5.3
  3. 2003:0:1803:8318::2                        0.0%  1000   24.3  25.1  22.3  83.7   5.3
  4. 2003:0:1306:c000::1                        0.0%  1000   28.1  31.6  27.8 123.8  10.6
  5. 2003:0:1306:c008::2                       92.5%  1000   29.0  29.1  28.5  30.3   0.3
  6. ce-0-4-0-0.r03.frnkge03.de.ce.gin.ntt.net  0.0%  1000   48.4  46.7  33.7 117.7  10.1
  7. core4.hetzner.de                           0.2%  1000   50.2  46.8  33.6 117.6  10.1
  8. core21.hetzner.de                          0.0%  1000   50.0  48.5  35.3 116.7   9.7
  9. juniper3.rz10.hetzner.de                   0.1%  1000   50.5  49.2  35.8 123.9  10.2
 10. hos-tr1.ms-ex3k2.rz13.hetzner.de           0.1%  1000   52.1  49.7  36.6 119.5   9.7
 11. ???                                       100.0  1000    0.0   0.0   0.0   0.0   0.0
 12. h2t.preissler.me                           0.0%  1000   51.7  48.7  35.8 121.7   9.9
