HOST: alix                             Loss%   Snt   Last   Avg  Best  Wrst StDev
  1. fritz.box                         0.0%  1000    0.9   0.7   0.7   1.3   0.1
  2. 2003:0:1801:c201::1               0.0%  1000   21.7  21.2  20.7  23.8   0.5
  3. 2003:0:1801:c218::2               0.0%  1000   23.8  24.8  22.4  37.3   1.3
  4. 2003:0:1308:4000::1               0.0%  1000   27.5  27.9  26.9  66.4   2.8
  5. 2003:0:1308:4007::2               0.0%  1000   28.0  28.3  27.3  61.9   2.4
  6. xe-3-0-1.fra28.ip6.gtt.net        0.1%  1000   28.4  28.7  27.4  74.4   3.4
  7. hetzner-online-gw.ip4.gtt.net     0.0%  1000   34.0  34.6  33.6  60.0   2.5
  8. core1.hetzner.de                  0.0%  1000   33.5  33.6  32.9  54.7   2.2
  9. core21.hetzner.de                 0.0%  1000   35.3  35.6  35.0  56.3   1.6
 10. juniper3.rz10.hetzner.de          0.0%  1000   35.8  37.0  35.2  68.0   3.3
 11. hos-tr3.ms-ex3k2.rz13.hetzner.de  0.0%  1000   37.1  38.6  36.6  49.8   1.4
 12. ???                              100.0  1000    0.0   0.0   0.0   0.0   0.0
 13. h2t.preissler.me                  0.0%  1000   35.5  36.4  35.0  41.6   1.0
