HOST: alix                             Loss%   Snt   Last   Avg  Best  Wrst StDev
  1. fritz.box                         0.0%  1000    0.8   0.7   0.7   1.2   0.1
  2. 2003:0:1801:c201::1               0.0%  1000   21.1  21.3  20.7  35.8   0.7
  3. 2003:0:1801:c218::2               0.0%  1000   25.9  24.7  22.3  35.0   1.4
  4. 2003:0:1308:4000::1               0.0%  1000   27.5  28.2  27.0  82.8   4.4
  5. 2003:0:1308:4007::2               0.0%  1000   28.1  56.3  27.5 124.0  22.3
  6. xe-3-0-0.fra28.ip6.gtt.net        0.0%  1000   27.9  56.5  27.1 115.3  22.5
  7. hetzner-online-gw.ip4.gtt.net     0.3%  1000   34.8  62.7  33.9 111.6  22.2
  8. core1.hetzner.de                  0.8%  1000   33.4  61.9  32.9 104.1  22.2
  9. core21.hetzner.de                 0.0%  1000   35.9  63.9  35.0 113.7  22.2
 10. juniper3.rz10.hetzner.de          0.0%  1000   35.6  64.1  35.4 111.6  22.0
 11. hos-tr3.ms-ex3k2.rz13.hetzner.de  0.0%  1000   37.0  65.4  36.7 106.5  22.1
 12. ???                              100.0  1000    0.0   0.0   0.0   0.0   0.0
 13. h2t.preissler.me                  0.0%  1000   36.1  63.5  34.9 104.5  22.2
