HOST: alix                                      Loss%   Snt   Last   Avg  Best  Wrst StDev
  1. fritz.box                                  0.0%  1000    0.8   0.7   0.7   1.3   0.1
  2. 2003:0:1801:c201::1                        0.0%  1000   21.5  21.2  20.7  24.1   0.4
  3. 2003:0:1803:8318::2                        0.0%  1000   26.6  24.6  22.1  45.5   1.6
  4. 2003:0:1306:c000::1                        0.0%  1000   28.4  30.9  27.8 120.0   9.5
  5. 2003:0:1306:c008::2                       89.0%  1000   29.0  29.2  28.4  31.0   0.6
  6. ce-0-4-0-0.r03.frnkge03.de.ce.gin.ntt.net  0.0%  1000   34.2  34.4  33.3  61.8   3.0
  7. core4.hetzner.de                           0.0%  1000   35.1  34.2  33.6  52.6   1.0
  8. core21.hetzner.de                          0.0%  1000   36.2  35.9  35.2  58.3   1.9
  9. juniper3.rz10.hetzner.de                   0.0%  1000   35.8  37.4  35.6  71.2   4.3
 10. hos-tr1.ms-ex3k2.rz13.hetzner.de           0.0%  1000   37.7  37.8  36.3  84.1   3.0
 11. ???                                       100.0  1000    0.0   0.0   0.0   0.0   0.0
 12. h2t.preissler.me                           0.0%  1000   36.1  36.1  35.5  39.8   0.4
