HOST: alix                                      Loss%   Snt   Last   Avg  Best  Wrst StDev
  1. fritz.box                                  0.0%  1000    0.8   0.7   0.7   2.5   0.1
  2. 2003:0:1801:c201::1                        0.0%  1000   21.8  21.1  20.7  24.0   0.3
  3. 2003:0:1801:c218::2                        0.0%  1000   24.8  24.7  22.1  38.7   1.4
  4. 2003:0:1306:c000::1                        0.0%  1000   28.6  30.4  27.7  87.1   7.6
  5. 2003:0:1306:c008::2                       88.9%  1000   29.8  29.2  28.3  30.8   0.5
  6. ce-0-4-0-0.r03.frnkge03.de.ce.gin.ntt.net  0.0%  1000   34.5  34.1  33.3  57.8   2.1
  7. core4.hetzner.de                           0.1%  1000   34.1  34.1  33.6  43.2   0.7
  8. core21.hetzner.de                          0.0%  1000   35.8  36.0  35.2  59.1   2.3
  9. juniper3.rz10.hetzner.de                   0.0%  1000   36.3  36.6  35.7  66.7   3.0
 10. hos-tr1.ms-ex3k2.rz13.hetzner.de           0.0%  1000   36.9  37.1  36.2  48.9   1.1
 11. ???                                       100.0  1000    0.0   0.0   0.0   0.0   0.0
 12. h2t.preissler.me                           0.0%  1000   36.4  36.1  35.5  39.8   0.4
