HOST: alix                                      Loss%   Snt   Last   Avg  Best  Wrst StDev
  1. fritz.box                                  0.0%  1000    0.8   0.7   0.7   1.4   0.1
  2. 2003:0:1801:c201::1                        0.0%  1000   21.0  21.2  20.7  26.9   0.4
  3. 2003:0:1803:8318::2                        0.0%  1000   25.0  24.5  22.1  28.8   1.3
  4. 2003:0:1306:c000::1                        0.0%  1000   28.8  31.1  27.7 117.6   9.6
  5. 2003:0:1306:c008::2                       89.7%  1000   29.2  29.8  28.5  39.4   1.8
  6. ce-0-4-0-0.r03.frnkge03.de.ce.gin.ntt.net  0.0%  1000   34.2  34.1  33.4  54.9   1.5
  7. core4.hetzner.de                           0.1%  1000   33.7  34.1  33.6  40.9   0.6
  8. core21.hetzner.de                          0.0%  1000   35.8  36.0  35.2  59.9   2.2
  9. juniper3.rz10.hetzner.de                   0.0%  1000   36.4  36.6  35.6  66.4   3.3
 10. hos-tr1.ms-ex3k2.rz13.hetzner.de           0.0%  1000   36.9  37.0  36.2  46.3   0.8
 11. ???                                       100.0  1000    0.0   0.0   0.0   0.0   0.0
 12. h2t.preissler.me                           0.0%  1000   36.8  36.1  35.5  39.7   0.4
