HOST: alix                                      Loss%   Snt   Last   Avg  Best  Wrst StDev
  1. fritz.box                                  0.0%  1000    0.8   0.7   0.7   1.0   0.1
  2. 2003:0:1801:c201::1                        0.0%  1000   21.8  21.3  20.8  65.6   1.5
  3. 2003:0:1801:c218::2                        0.0%  1000   25.4  24.7  22.5  51.7   1.6
  4. 2003:0:1306:c000::1                        0.0%  1000   28.8  30.3  27.8  94.4   7.9
  5. 2003:0:1306:c008::2                       89.8%  1000   29.0  29.1  28.5  31.8   0.5
  6. ce-0-4-0-0.r03.frnkge03.de.ce.gin.ntt.net  0.0%  1000   34.1  34.2  33.3  63.0   2.0
  7. core4.hetzner.de                           0.0%  1000   34.4  34.1  33.6  84.5   1.7
  8. core21.hetzner.de                          0.0%  1000   35.7  36.0  35.2  85.3   2.4
  9. juniper3.rz10.hetzner.de                   0.0%  1000   36.3  36.7  35.7  69.7   3.5
 10. hos-tr1.ms-ex3k2.rz13.hetzner.de           0.0%  1000   37.1  37.6  36.1  65.5   2.1
 11. ???                                       100.0  1000    0.0   0.0   0.0   0.0   0.0
 12. h2t.preissler.me                           0.0%  1000   37.1  36.2  35.5  90.9   2.2
