HOST: alix                                      Loss%   Snt   Last   Avg  Best  Wrst StDev
  1. fritz.box                                  0.0%  1000    0.8   0.7   0.7   3.5   0.1
  2. 2003:0:1801:c201::1                        0.0%  1000   21.5  21.2  20.7  40.6   0.7
  3. 2003:0:1803:8318::2                        0.0%  1000   24.8  24.5  22.3  38.3   1.4
  4. 2003:0:1306:c000::1                        0.0%  1000   28.8  30.2  27.6  96.1   8.0
  5. 2003:0:1306:c008::2                       87.2%  1000   29.2  29.2  28.4  30.8   0.5
  6. ce-0-4-0-0.r03.frnkge03.de.ce.gin.ntt.net  0.0%  1000   34.3  34.1  33.3  56.2   2.0
  7. core4.hetzner.de                           0.0%  1000   34.0  34.0  33.6  42.9   0.7
  8. core21.hetzner.de                          0.0%  1000   36.0  35.8  35.2  55.2   1.5
  9. juniper3.rz10.hetzner.de                   0.0%  1000   41.7  38.7  35.7  74.1   4.0
 10. hos-tr1.ms-ex3k2.rz13.hetzner.de           0.0%  1000   43.0  41.6  36.5  58.8   4.1
 11. ???                                       100.0  1000    0.0   0.0   0.0   0.0   0.0
 12. h2t.preissler.me                           0.0%  1000   45.9  40.2  36.0  49.8   3.0
