HOST: alix                                      Loss%   Snt   Last   Avg  Best  Wrst StDev
  1. fritz.box                                  0.0%  1000    0.8   0.7   0.7   1.4   0.1
  2. 2003:0:1801:c201::1                        0.0%  1000   21.6  21.2  20.7  23.7   0.4
  3. 2003:0:1803:8318::2                        1.7%  1000   24.6  24.7  22.5  30.6   1.3
  4. 2003:0:1306:c000::1                        3.6%  1000   52.9  30.8  27.6 118.8   9.3
  5. 2003:0:1306:c008::2                       89.7%  1000   28.8  29.3  28.4  43.6   1.5
  6. ce-0-4-0-0.r03.frnkge03.de.ce.gin.ntt.net  3.6%  1000   34.1  34.1  33.3  55.2   1.9
  7. core4.hetzner.de                           3.6%  1000   34.5  34.0  33.6  43.8   0.7
  8. core21.hetzner.de                          3.6%  1000   36.3  35.9  35.2  58.5   1.8
  9. juniper3.rz10.hetzner.de                   3.6%  1000   39.2  39.7  35.6  69.8   3.9
 10. hos-tr1.ms-ex3k2.rz13.hetzner.de           3.6%  1000   44.1  46.2  36.8  65.8   5.6
 11. ???                                       100.0  1000    0.0   0.0   0.0   0.0   0.0
 12. h2t.preissler.me                           3.5%  1000   49.5  47.6  36.3  63.5   6.2
