HOST: alix                                      Loss%   Snt   Last   Avg  Best  Wrst StDev
  1. fritz.box                                  0.0%  1000    0.9   0.7   0.7   1.1   0.1
  2. 2003:0:1801:c201::1                        0.0%  1000   21.6  21.1  20.7  24.1   0.3
  3. 2003:0:1803:8318::2                        0.0%  1000   24.2  24.7  22.2  46.8   1.6
  4. 2003:0:1306:c000::1                        0.0%  1000   28.2  30.8  27.7  95.2   8.8
  5. 2003:0:1306:c008::2                       87.8%  1000   29.2  29.2  28.3  31.8   0.6
  6. ce-0-4-0-0.r03.frnkge03.de.ce.gin.ntt.net  0.0%  1000   33.9  34.2  33.3  56.1   2.2
  7. core4.hetzner.de                           0.0%  1000   34.0  34.0  33.6  42.8   0.6
  8. core21.hetzner.de                          0.0%  1000   35.8  35.9  35.2  56.2   1.8
  9. juniper3.rz10.hetzner.de                   0.0%  1000   36.7  36.8  35.4  71.7   3.7
 10. hos-tr1.ms-ex3k2.rz13.hetzner.de           0.0%  1000   37.0  37.3  36.3  51.2   1.2
 11. ???                                       100.0  1000    0.0   0.0   0.0   0.0   0.0
 12. h2t.preissler.me                           0.0%  1000   36.5  36.4  35.6  41.0   0.7
