HOST: alix                                      Loss%   Snt   Last   Avg  Best  Wrst StDev
  1. fritz.box                                  0.0%  1000    0.8   0.7   0.7   1.4   0.1
  2. 2003:0:1801:c201::1                        0.0%  1000   21.4  26.6  20.7  52.4   6.4
  3. 2003:0:1801:c218::2                        0.0%  1000   27.0  30.8  22.2  44.7   7.2
  4. 2003:0:1306:c000::1                        0.1%  1000   28.8  37.5  27.6 110.2  12.4
  5. 2003:0:1306:c008::2                       88.6%  1000   28.9  34.5  28.5  45.7   7.0
  6. ce-0-4-0-0.r03.frnkge03.de.ce.gin.ntt.net  0.0%  1000   34.4  40.2  33.4  88.7   7.5
  7. core4.hetzner.de                           0.0%  1000   33.8  40.0  33.6  70.7   7.2
  8. core21.hetzner.de                          0.0%  1000   35.8  42.1  35.2  74.8   7.5
  9. juniper3.rz10.hetzner.de                   0.0%  1000   36.1  43.1  35.7  79.0   7.6
 10. hos-tr1.ms-ex3k2.rz13.hetzner.de           0.0%  1000   37.6  43.0  36.3  71.8   7.1
 11. ???                                       100.0  1000    0.0   0.0   0.0   0.0   0.0
 12. h2t.preissler.me                           0.0%  1000   35.8  42.2  35.5  53.8   7.1
