HOST: alix                             Loss%   Snt   Last   Avg  Best  Wrst StDev
  1. fritz.box                         0.0%  1000    0.8   0.7   0.7   1.2   0.1
  2. 2003:0:1801:c201::1               0.0%  1000   21.4  21.3  20.8  29.8   0.7
  3. 2003:0:1801:c218::2               0.0%  1000   26.1  24.8  21.9  39.9   1.5
  4. 2003:0:1308:4000::1               0.0%  1000   36.0  27.9  26.9  63.8   2.9
  5. 2003:0:1308:4007::2               0.0%  1000   27.9  28.5  27.3  82.4   3.2
  6. xe-2-1-0.fra28.ip6.gtt.net        0.0%  1000   43.5  27.9  27.1  58.9   2.6
  7. hetzner-online-gw.ip4.gtt.net     0.0%  1000   34.4  34.7  33.7  61.5   2.4
  8. core1.hetzner.de                  0.0%  1000   34.4  33.7  32.9  52.3   2.0
  9. core21.hetzner.de                 0.0%  1000   41.6  35.7  34.9  59.7   2.0
 10. juniper3.rz10.hetzner.de          0.0%  1000   35.9  37.5  35.5  70.7   3.3
 11. hos-tr3.ms-ex3k2.rz13.hetzner.de  0.0%  1000   37.6  40.0  36.9  53.1   2.7
 12. ???                              100.0  1000    0.0   0.0   0.0   0.0   0.0
 13. h2t.preissler.me                  0.0%  1000   37.4  38.6  35.0  48.6   2.1
