HOST: alix                                      Loss%   Snt   Last   Avg  Best  Wrst StDev
  1. fritz.box                                  0.0%  1000    0.8   0.7   0.7   4.7   0.2
  2. 2003:0:1801:c201::1                        0.0%  1000   21.2  21.2  20.7  23.9   0.4
  3. 2003:0:1803:8318::2                        0.0%  1000   27.0  24.6  22.2  43.1   1.4
  4. 2003:0:1306:c000::1                        0.0%  1000   28.5  31.5  27.6 114.3  10.4
  5. 2003:0:1306:c008::2                       94.2%  1000   29.1  29.3  28.6  30.9   0.5
  6. ce-0-4-0-0.r03.frnkge03.de.ce.gin.ntt.net  0.0%  1000   34.0  34.2  33.4  57.0   2.2
  7. core4.hetzner.de                           0.0%  1000   33.9  34.1  33.6  43.0   0.8
  8. core21.hetzner.de                          0.0%  1000   36.1  36.0  35.2  56.8   2.3
  9. juniper3.rz10.hetzner.de                   0.0%  1000   36.0  36.7  35.5  67.5   3.2
 10. hos-tr1.ms-ex3k2.rz13.hetzner.de           0.0%  1000   37.4  37.0  36.2  47.7   0.8
 11. ???                                       100.0  1000    0.0   0.0   0.0   0.0   0.0
 12. h2t.preissler.me                           0.0%  1000   36.4  36.0  35.5  39.7   0.4
