HOST: alix                                      Loss%   Snt   Last   Avg  Best  Wrst StDev
  1. fritz.box                                  0.0%  1000    0.8   0.7   0.7   1.4   0.1
  2. 2003:0:1801:c201::1                        0.0%  1000   21.7  21.3  20.7  24.9   0.4
  3. 2003:0:1801:c218::2                        0.0%  1000   24.3  24.6  22.2  41.9   1.4
  4. 2003:0:1306:c000::1                        0.0%  1000   31.3  31.0  27.8 100.3   9.4
  5. 2003:0:1306:c008::2                       69.6%  1000   94.5  67.5  28.5 126.5  24.3
  6. ce-0-4-0-0.r03.frnkge03.de.ce.gin.ntt.net  0.0%  1000   74.0  76.3  33.8 123.0  19.5
  7. core4.hetzner.de                           0.0%  1000   72.6  76.0  33.7 124.2  19.4
  8. core21.hetzner.de                          0.1%  1000   70.5  78.0  35.7 124.1  19.4
  9. juniper3.rz10.hetzner.de                   0.2%  1000   69.5  78.8  36.0 136.0  19.6
 10. hos-tr1.ms-ex3k2.rz13.hetzner.de           0.0%  1000   71.7  79.0  36.7 123.0  19.5
 11. ???                                       100.0  1000    0.0   0.0   0.0   0.0   0.0
 12. h2t.preissler.me                           0.0%  1000   74.1  77.7  35.8 117.8  19.4
