HOST: alix                                      Loss%   Snt   Last   Avg  Best  Wrst StDev
  1. fritz.box                                  0.0%  1000    0.8   0.7   0.7   1.6   0.1
  2. 2003:0:1801:c201::1                        0.0%  1000   21.1  21.2  20.7  23.7   0.3
  3. 2003:0:1801:c218::2                        0.0%  1000   23.4  24.7  22.1  44.3   1.5
  4. 2003:0:1306:c000::1                        0.0%  1000   28.6  30.9  27.8  95.5   9.6
  5. 2003:0:1306:c008::2                       93.2%  1000   29.5  29.2  28.6  31.0   0.4
  6. ce-0-4-0-0.r03.frnkge03.de.ce.gin.ntt.net  0.0%  1000   33.9  34.2  33.3  57.1   1.9
  7. core4.hetzner.de                           0.0%  1000   55.2  34.1  33.5  57.8   1.3
  8. core21.hetzner.de                          0.0%  1000   36.5  35.9  35.2  57.6   1.8
  9. juniper3.rz10.hetzner.de                   0.0%  1000   36.7  36.5  35.5  68.9   2.4
 10. hos-tr1.ms-ex3k2.rz13.hetzner.de           0.0%  1000   37.0  37.1  36.2  48.1   1.0
 11. ???                                       100.0  1000    0.0   0.0   0.0   0.0   0.0
 12. h2t.preissler.me                           0.0%  1000   36.5  36.1  35.5  41.6   0.4
