HOST: alix                                      Loss%   Snt   Last   Avg  Best  Wrst StDev
  1. fritz.box                                  0.0%  1000    0.8   0.7   0.7   2.1   0.1
  2. 2003:0:1801:c201::1                        0.0%  1000   21.4  21.3  20.7  24.6   0.4
  3. 2003:0:1803:8318::2                        1.0%  1000   24.6  24.6  22.3  46.8   1.8
  4. 2003:0:1306:c000::1                        0.0%  1000   29.0  30.8  27.7 109.2   8.9
  5. 2003:0:1306:c008::2                       92.3%  1000   28.7  29.4  28.7  34.5   0.8
  6. ce-0-4-0-0.r03.frnkge03.de.ce.gin.ntt.net  1.6%  1000   55.3  56.5  49.7  77.7   2.0
  7. core4.hetzner.de                           1.9%  1000   57.3  56.3  51.2  65.6   0.8
  8. core21.hetzner.de                          0.8%  1000   58.1  58.3  54.1  79.4   2.1
  9. juniper3.rz10.hetzner.de                   1.7%  1000   58.2  58.9  54.2  85.9   2.8
 10. hos-tr1.ms-ex3k2.rz13.hetzner.de           1.4%  1000   59.8  59.4  52.8  72.6   1.2
 11. ???                                       100.0  1000    0.0   0.0   0.0   0.0   0.0
 12. h2t.preissler.me                           1.2%  1000   58.7  58.5  52.9  62.3   0.7
