HOST: alix                                      Loss%   Snt   Last   Avg  Best  Wrst StDev
  1. fritz.box                                  0.0%  1000    0.8   0.7   0.7   1.2   0.1
  2. 2003:0:1801:c201::1                        0.0%  1000   21.2  21.2  20.7  28.7   0.6
  3. 2003:0:1803:8318::2                        0.0%  1000   26.8  24.6  22.1  38.0   1.5
  4. 2003:0:1306:c000::1                        0.0%  1000   28.5  30.7  27.7 102.1   9.0
  5. 2003:0:1306:c008::2                       93.2%  1000   29.3  29.3  28.6  38.7   1.2
  6. ce-0-4-0-0.r03.frnkge03.de.ce.gin.ntt.net  0.0%  1000   35.1  34.2  33.4  56.2   2.0
  7. core4.hetzner.de                           0.0%  1000   33.6  34.1  33.5  58.6   1.1
  8. core21.hetzner.de                          0.0%  1000   35.8  35.9  35.2  58.1   1.8
  9. juniper3.rz10.hetzner.de                   0.0%  1000   40.2  42.3  36.3  77.5   4.5
 10. hos-tr1.ms-ex3k2.rz13.hetzner.de           0.0%  1000   40.6  50.1  38.3  73.4   6.2
 11. ???                                       100.0  1000    0.0   0.0   0.0   0.0   0.0
 12. h2t.preissler.me                           0.0%  1000   38.8  47.5  37.0  72.1   6.3
