HOST: alix                                      Loss%   Snt   Last   Avg  Best  Wrst StDev
  1. fritz.box                                  0.0%  1000    0.8   0.7   0.7   1.2   0.1
  2. 2003:0:1801:c201::1                        0.0%  1000   21.2  21.2  20.6  23.9   0.4
  3. 2003:0:1801:c218::2                        0.0%  1000   24.9  24.6  22.0  28.1   1.2
  4. 2003:0:1306:c000::1                        0.0%  1000   29.0  31.1  27.7  94.2   9.4
  5. 2003:0:1306:c008::2                       85.7%  1000   29.0  29.1  28.5  31.3   0.4
  6. ce-0-4-0-0.r03.frnkge03.de.ce.gin.ntt.net  0.0%  1000   33.9  34.2  33.4  56.6   2.1
  7. core4.hetzner.de                           0.0%  1000   34.5  34.0  33.6  43.9   0.6
  8. core21.hetzner.de                          0.0%  1000   35.8  36.0  35.2  77.2   2.5
  9. juniper3.rz10.hetzner.de                   0.0%  1000   36.5  36.6  35.6  69.7   3.2
 10. hos-tr1.ms-ex3k2.rz13.hetzner.de           0.0%  1000   36.4  37.0  36.2  53.1   0.8
 11. ???                                       100.0  1000    0.0   0.0   0.0   0.0   0.0
 12. h2t.preissler.me                           0.0%  1000   36.5  36.1  35.5  39.8   0.4
