HOST: alix                                      Loss%   Snt   Last   Avg  Best  Wrst StDev
  1. fritz.box                                  0.0%  1000    0.8   0.7   0.7   6.8   0.2
  2. 2003:0:1801:c201::1                        0.0%  1000   21.3  21.2  20.7  23.8   0.4
  3. 2003:0:1801:c218::2                        0.0%  1000   25.9  24.6  22.2  30.3   1.3
  4. 2003:0:1306:c000::1                        0.0%  1000   28.4  30.6  27.6 108.1   8.6
  5. 2003:0:1306:c008::2                       92.1%  1000   28.5  29.2  28.3  32.0   0.6
  6. ce-0-4-0-0.r03.frnkge03.de.ce.gin.ntt.net  0.0%  1000   34.0  34.2  33.4  54.9   2.0
  7. core4.hetzner.de                           0.0%  1000   34.1  34.1  33.5  42.7   0.8
  8. core21.hetzner.de                          0.0%  1000   36.2  36.0  35.2  59.3   2.2
  9. juniper3.rz10.hetzner.de                   0.0%  1000   36.3  38.3  35.8  83.1   4.4
 10. hos-tr1.ms-ex3k2.rz13.hetzner.de           0.0%  1000   38.6  39.8  36.2  50.6   2.5
 11. ???                                       100.0  1000    0.0   0.0   0.0   0.0   0.0
 12. h2t.preissler.me                           0.0%  1000   36.9  38.9  35.8  47.4   2.2
