HOST: alix                                      Loss%   Snt   Last   Avg  Best  Wrst StDev
  1. fritz.box                                  0.0%  1000    0.8   0.7   0.7   1.9   0.1
  2. 2003:0:1801:c201::1                        0.0%  1000   21.7  25.8  20.9  36.9   4.7
  3. 2003:0:1801:c218::2                        0.0%  1000   26.4  29.9  22.3  50.5   5.5
  4. 2003:0:1306:c000::1                        0.0%  1000   28.8  36.1  27.6 101.1  10.9
  5. 2003:0:1306:c008::2                       89.1%  1000   29.2  33.0  28.6  44.4   5.2
  6. ce-0-4-0-0.r03.frnkge03.de.ce.gin.ntt.net  0.0%  1000   34.5  39.5  33.4  78.9   5.8
  7. core4.hetzner.de                           0.0%  1000   34.4  39.4  33.5  56.9   5.5
  8. core21.hetzner.de                          0.0%  1000   36.0  41.4  35.2  82.9   5.9
  9. juniper3.rz10.hetzner.de                   0.0%  1000   36.4  41.9  35.7  78.3   6.2
 10. hos-tr1.ms-ex3k2.rz13.hetzner.de           0.0%  1000   37.4  42.2  36.1  67.1   5.5
 11. ???                                       100.0  1000    0.0   0.0   0.0   0.0   0.0
 12. h2t.preissler.me                           0.0%  1000   36.1  41.3  35.5  61.9   5.4
