HOST: alix                                      Loss%   Snt   Last   Avg  Best  Wrst StDev
  1. fritz.box                                  0.0%  1000    0.8   0.7   0.7   1.3   0.1
  2. 2003:0:1801:c201::1                        0.0%  1000   21.0  21.3  20.7  23.9   0.4
  3. 2003:0:1803:8318::2                        0.0%  1000   25.4  24.6  22.0  41.4   1.5
  4. 2003:0:1306:c000::1                        0.0%  1000   28.4  30.9  27.8 108.5   9.0
  5. 2003:0:1306:c008::2                       66.6%  1000  101.5  86.7  44.0 112.8  15.5
  6. ce-0-4-0-0.r03.frnkge03.de.ce.gin.ntt.net  0.9%  1000  123.1 114.4  69.0 148.9  15.4
  7. core4.hetzner.de                           0.9%  1000  126.5 114.0  69.7 139.4  15.3
  8. core21.hetzner.de                          0.8%  1000  128.0 115.7  70.8 142.7  15.2
  9. juniper3.rz10.hetzner.de                   1.3%  1000  126.5 116.5  69.9 162.7  15.5
 10. hos-tr1.ms-ex3k2.rz13.hetzner.de           0.5%  1000  123.9 116.9  69.8 144.0  15.3
 11. ???                                       100.0  1000    0.0   0.0   0.0   0.0   0.0
 12. h2t.preissler.me                           0.7%  1000  127.0 115.8  69.9 141.3  15.3
