HOST: alix                             Loss%   Snt   Last   Avg  Best  Wrst StDev
  1. fritz.box                         0.0%  1000    0.7   0.7   0.7   1.2   0.1
  2. 2003:0:1801:c201::1               0.0%  1000   21.4  21.2  20.7  23.8   0.4
  3. 2003:0:1801:c218::2               0.0%  1000   23.6  24.8  22.3  40.7   1.5
  4. 2003:0:1308:4000::1               0.0%  1000   27.8  28.1  26.9  80.2   4.0
  5. 2003:0:1308:4007::2               0.0%  1000   28.6  28.6  27.3  75.3   4.0
  6. xe-3-0-2.fra28.ip6.gtt.net        0.0%  1000   28.0  28.3  27.4  55.3   2.2
  7. hetzner-online-gw.ip4.gtt.net     1.2%  1000   34.4  34.4  33.8  52.6   1.5
  8. core1.hetzner.de                  0.4%  1000   33.5  33.6  32.9  50.9   1.5
  9. core21.hetzner.de                 0.0%  1000   35.8  35.8  35.0  57.2   2.0
 10. juniper3.rz10.hetzner.de          0.0%  1000   35.8  36.2  35.2  65.5   2.6
 11. hos-tr3.ms-ex3k2.rz13.hetzner.de  0.0%  1000   37.2  37.5  36.6  46.9   1.0
 12. ???                              100.0  1000    0.0   0.0   0.0   0.0   0.0
 13. h2t.preissler.me                  0.0%  1000   35.8  35.4  34.7  38.0   0.5
