HOST: alix                                      Loss%   Snt   Last   Avg  Best  Wrst StDev
  1. fritz.box                                  0.0%  1000    0.8   0.7   0.7   1.2   0.1
  2. 2003:0:1801:c201::1                        0.0%  1000   21.2  21.2  20.7  27.6   0.4
  3. 2003:0:1803:8318::2                        0.2%  1000   25.1  24.5  22.2  29.1   1.3
  4. 2003:0:1306:c000::1                        0.0%  1000   51.3  31.3  27.7 102.8   9.7
  5. 2003:0:1306:c008::2                       92.2%  1000   28.7  29.2  28.4  31.6   0.6
  6. ce-0-4-0-0.r03.frnkge03.de.ce.gin.ntt.net  0.0%  1000   34.2  34.2  33.4  58.0   2.1
  7. core4.hetzner.de                           0.0%  1000   40.8  34.2  33.6  55.3   1.6
  8. core21.hetzner.de                          0.0%  1000   35.7  35.9  35.2  57.4   1.6
  9. juniper3.rz10.hetzner.de                   0.0%  1000   36.8  36.7  35.7  66.1   2.7
 10. hos-tr1.ms-ex3k2.rz13.hetzner.de           0.0%  1000   36.8  37.4  36.2  47.3   1.1
 11. ???                                       100.0  1000    0.0   0.0   0.0   0.0   0.0
 12. h2t.preissler.me                           0.0%  1000   36.8  36.5  35.5  41.8   0.9
