HOST: alix                                      Loss%   Snt   Last   Avg  Best  Wrst StDev
  1. fritz.box                                  0.0%  1000    0.8   0.7   0.7   1.4   0.1
  2. 2003:0:1801:c201::1                        0.0%  1000   21.4  21.5  20.8  80.7   3.5
  3. 2003:0:1803:8318::2                        0.0%  1000   23.7  24.8  22.0  82.1   3.4
  4. 2003:0:1306:c000::1                        0.0%  1000   46.9  31.1  27.6  97.8   9.6
  5. 2003:0:1306:c008::2                       88.2%  1000   35.8  34.0  28.7  58.9   6.8
  6. ce-0-4-0-0.r03.frnkge03.de.ce.gin.ntt.net  0.0%  1000   49.8  51.4  34.0  99.7  10.6
  7. core4.hetzner.de                           0.1%  1000   53.1  50.9  34.2  98.4  10.3
  8. core21.hetzner.de                          0.0%  1000   53.3  53.0  35.6 103.5  10.6
  9. juniper3.rz10.hetzner.de                   0.0%  1000   55.4  55.0  36.1 107.6  11.7
 10. hos-tr1.ms-ex3k2.rz13.hetzner.de           0.0%  1000   56.8  55.2  37.1 104.3  10.8
 11. ???                                       100.0  1000    0.0   0.0   0.0   0.0   0.0
 12. h2t.preissler.me                           0.0%  1000   53.0  52.9  35.5 102.5  10.5
