HOST: alix                                      Loss%   Snt   Last   Avg  Best  Wrst StDev
  1. fritz.box                                  0.0%  1000    0.7   0.7   0.7   1.3   0.1
  2. 2003:0:1801:c201::1                        0.0%  1000   21.3  21.2  20.7  27.5   0.5
  3. 2003:0:1801:c218::2                        0.0%  1000   24.5  24.5  22.3  31.8   1.3
  4. 2003:0:1306:c000::1                        0.1%  1000   28.6  30.5  27.6  94.1   8.3
  5. 2003:0:1306:c008::2                       86.5%  1000   28.5  29.1  28.3  31.8   0.5
  6. ce-0-4-0-0.r03.frnkge03.de.ce.gin.ntt.net  0.0%  1000   34.0  34.1  33.3  58.4   1.9
  7. core4.hetzner.de                           0.1%  1000   34.2  34.1  33.6  43.3   0.7
  8. core21.hetzner.de                          0.0%  1000   35.5  36.1  35.2  57.9   2.6
  9. juniper3.rz10.hetzner.de                   0.0%  1000   36.6  37.0  35.6  68.9   3.2
 10. hos-tr1.ms-ex3k2.rz13.hetzner.de           0.0%  1000   37.0  39.3  36.4  54.1   2.3
 11. ???                                       100.0  1000    0.0   0.0   0.0   0.0   0.0
 12. h2t.preissler.me                           0.0%  1000   44.1  38.8  35.8  52.0   2.5
