HOST: alix                                      Loss%   Snt   Last   Avg  Best  Wrst StDev
  1. fritz.box                                  0.0%  1000    0.7   0.7   0.7   2.7   0.1
  2. 2003:0:1801:c201::1                        0.0%  1000   21.2  21.2  20.7  51.1   1.0
  3. 2003:0:1801:c218::2                        0.0%  1000   23.8  24.6  22.2  38.0   1.4
  4. 2003:0:1306:c000::1                        0.0%  1000   28.9  30.9  27.7  97.5   8.9
  5. 2003:0:1306:c008::2                       89.0%  1000   28.9  29.3  28.5  32.6   0.6
  6. ce-0-4-0-0.r03.frnkge03.de.ce.gin.ntt.net  0.0%  1000   34.2  34.8  33.4  60.4   2.9
  7. core4.hetzner.de                           0.1%  1000   33.9  34.7  33.6  49.9   2.2
  8. core21.hetzner.de                          0.0%  1000   35.7  36.6  35.3  82.4   3.2
  9. juniper3.rz10.hetzner.de                   0.0%  1000   36.2  37.3  35.5  72.5   3.7
 10. hos-tr1.ms-ex3k2.rz13.hetzner.de           0.0%  1000   37.4  37.9  36.4  55.0   2.4
 11. ???                                       100.0  1000    0.0   0.0   0.0   0.0   0.0
 12. h2t.preissler.me                           0.0%  1000   36.1  37.0  35.5  54.8   2.3
