HOST: alix                                      Loss%   Snt   Last   Avg  Best  Wrst StDev
  1. fritz.box                                  0.0%  1000    0.8   0.7   0.7   1.2   0.1
  2. 2003:0:1801:c201::1                        0.0%  1000   21.0  21.2  20.8  23.8   0.4
  3. 2003:0:1801:c218::2                        0.0%  1000   26.1  24.6  22.3  38.5   1.4
  4. 2003:0:1306:c000::1                        0.0%  1000   28.2  31.2  27.6  92.8   9.9
  5. 2003:0:1306:c008::2                       88.4%  1000   29.0  29.2  28.2  31.0   0.4
  6. ce-0-4-0-0.r03.frnkge03.de.ce.gin.ntt.net  0.0%  1000   34.2  34.1  33.4  57.9   2.0
  7. core4.hetzner.de                           0.0%  1000   34.1  34.1  33.6  43.3   0.7
  8. core21.hetzner.de                          0.0%  1000   36.3  36.0  35.2  58.5   2.1
  9. juniper3.rz10.hetzner.de                   0.0%  1000   41.9  40.2  36.0  81.7   5.4
 10. hos-tr1.ms-ex3k2.rz13.hetzner.de           0.0%  1000   43.3  43.1  36.9  91.0   6.3
 11. ???                                       100.0  1000    0.0   0.0   0.0   0.0   0.0
 12. h2t.preissler.me                           0.0%  1000   42.7  40.8  35.4  91.6   5.6
