HOST: alix                                      Loss%   Snt   Last   Avg  Best  Wrst StDev
  1. fritz.box                                  0.0%  1000    0.8   0.7   0.7   3.2   0.1
  2. 2003:0:1801:c201::1                        0.0%  1000   21.3  21.3  20.8  44.0   0.8
  3. 2003:0:1803:8318::2                        0.0%  1000   24.9  24.6  21.8  46.4   1.6
  4. 2003:0:1306:c000::1                        0.0%  1000   28.5  30.5  27.7  97.7   8.9
  5. 2003:0:1306:c008::2                       93.2%  1000   29.8  29.2  28.6  30.6   0.4
  6. ce-0-4-0-0.r03.frnkge03.de.ce.gin.ntt.net  0.1%  1000   56.5  46.4  33.6  74.6   7.9
  7. core4.hetzner.de                           0.0%  1000   55.1  46.2  33.8  77.2   7.9
  8. core21.hetzner.de                          0.2%  1000   57.0  47.8  35.4  90.2   7.9
  9. juniper3.rz10.hetzner.de                   0.1%  1000   59.2  48.9  35.7  92.5   8.6
 10. hos-tr1.ms-ex3k2.rz13.hetzner.de           0.0%  1000   58.4  49.0  36.3  66.3   7.6
 11. ???                                       100.0  1000    0.0   0.0   0.0   0.0   0.0
 12. h2t.preissler.me                           0.1%  1000   53.6  47.9  35.6  60.4   7.5
