HOST: alix                                      Loss%   Snt   Last   Avg  Best  Wrst StDev
  1. fritz.box                                  0.0%  1000    0.8   0.7   0.7   1.2   0.1
  2. 2003:0:1801:c201::1                        0.0%  1000   21.2  21.3  20.7  82.3   2.5
  3. 2003:0:1803:8318::2                        1.3%  1000   25.4  24.6  22.5  83.8   2.7
  4. 2003:0:1306:c000::1                        2.1%  1000   28.8  30.9  27.7  94.2   8.8
  5. 2003:0:1306:c008::2                       84.0%  1000   28.7  29.1  28.4  31.4   0.5
  6. ce-0-4-0-0.r03.frnkge03.de.ce.gin.ntt.net  2.1%  1000   34.4  34.1  33.3  54.6   1.8
  7. core4.hetzner.de                           2.1%  1000   34.1  34.1  33.5  67.3   1.6
  8. core21.hetzner.de                          2.1%  1000   35.8  36.0  35.2  58.4   2.1
  9. juniper3.rz10.hetzner.de                   2.1%  1000   36.1  36.9  35.6  85.4   3.2
 10. hos-tr1.ms-ex3k2.rz13.hetzner.de           2.1%  1000   37.5  38.0  36.5  64.2   1.7
 11. ???                                       100.0  1000    0.0   0.0   0.0   0.0   0.0
 12. h2t.preissler.me                           2.1%  1000   38.0  38.1  35.7  99.4   3.3
