HOST: alix                                      Loss%   Snt   Last   Avg  Best  Wrst StDev
  1. fritz.box                                  0.0%  1000    0.8   0.7   0.7   2.1   0.1
  2. 2003:0:1801:c201::1                        0.0%  1000   21.2  21.3  20.7  25.4   0.6
  3. 2003:0:1803:8318::2                        0.0%  1000   24.6  24.7  22.3  29.2   1.3
  4. 2003:0:1306:c000::1                        0.0%  1000   28.4  31.3  27.6 103.0   9.3
  5. 2003:0:1306:c008::2                       89.7%  1000   31.0  29.3  28.3  31.7   0.7
  6. ce-0-4-0-0.r03.frnkge03.de.ce.gin.ntt.net  0.0%  1000   34.7  34.3  33.3  57.0   2.0
  7. core4.hetzner.de                           0.0%  1000   34.2  34.2  33.6  43.4   0.8
  8. core21.hetzner.de                          0.0%  1000   36.5  36.1  35.1  58.0   2.1
  9. juniper3.rz10.hetzner.de                   0.0%  1000   54.9  50.4  36.4  86.8   7.3
 10. hos-tr1.ms-ex3k2.rz13.hetzner.de           0.0%  1000   72.5  64.7  38.2 112.9  10.2
 11. ???                                       100.0  1000    0.0   0.0   0.0   0.0   0.0
 12. h2t.preissler.me                           0.0%  1000   55.8  59.7  39.2  83.0   8.4
