HOST: alix                                      Loss%   Snt   Last   Avg  Best  Wrst StDev
  1. fritz.box                                  0.0%  1000    0.8   0.7   0.7   3.1   0.1
  2. 2003:0:1801:c201::1                        0.0%  1000   21.2  21.7  20.7  83.5   4.8
  3. 2003:0:1801:c218::2                        0.0%  1000   24.0  25.0  22.4  81.1   4.3
  4. 2003:0:1306:c000::1                        0.0%  1000   28.5  31.1  27.6  93.4   9.5
  5. 2003:0:1306:c008::2                       88.3%  1000   28.8  29.7  28.3  83.2   5.2
  6. ce-0-4-0-0.r03.frnkge03.de.ce.gin.ntt.net  0.0%  1000   34.3  34.6  33.3  97.7   5.1
  7. core4.hetzner.de                           0.0%  1000   34.5  34.4  33.6  92.4   4.2
  8. core21.hetzner.de                          0.0%  1000   35.7  36.4  35.2  92.1   4.3
  9. juniper3.rz10.hetzner.de                   0.0%  1000   36.6  36.9  35.5  99.0   5.0
 10. hos-tr1.ms-ex3k2.rz13.hetzner.de           0.0%  1000   37.4  37.8  36.4  98.9   4.6
 11. ???                                       100.0  1000    0.0   0.0   0.0   0.0   0.0
 12. h2t.preissler.me                           0.0%  1000   35.9  37.0  35.6  99.0   4.8
