HOST: alix                                      Loss%   Snt   Last   Avg  Best  Wrst StDev
  1. fritz.box                                  0.0%  1000    0.8   0.7   0.7   1.3   0.1
  2. 2003:0:1801:c201::1                        0.0%  1000   21.7  21.3  20.7  24.1   0.3
  3. 2003:0:1801:c218::2                        0.0%  1000   24.0  24.5  22.2  45.1   1.5
  4. 2003:0:1306:c000::1                        0.0%  1000   28.1  30.9  27.6 113.1   9.8
  5. 2003:0:1306:c008::2                       86.4%  1000   30.1  29.3  28.6  34.1   0.7
  6. ce-0-4-0-0.r03.frnkge03.de.ce.gin.ntt.net  1.1%  1000   56.9  56.4  52.4  78.3   2.4
  7. core4.hetzner.de                           0.7%  1000   55.0  56.2  52.4  66.0   1.0
  8. core21.hetzner.de                          0.7%  1000   57.5  58.2  54.4  82.8   2.4
  9. juniper3.rz10.hetzner.de                   0.5%  1000   58.3  58.7  54.4  88.7   3.1
 10. hos-tr1.ms-ex3k2.rz13.hetzner.de           0.8%  1000   59.6  59.3  55.9  69.9   1.1
 11. ???                                       100.0  1000    0.0   0.0   0.0   0.0   0.0
 12. h2t.preissler.me                           0.7%  1000   58.7  58.2  54.2  66.0   0.9
