HOST: alix                                      Loss%   Snt   Last   Avg  Best  Wrst StDev
  1. fritz.box                                  0.0%  1000    0.7   0.7   0.7   1.4   0.1
  2. 2003:0:1801:c201::1                        0.0%  1000   21.1  21.1  20.7  32.9   0.6
  3. 2003:0:1801:c218::2                        0.0%  1000   24.5  24.6  22.2  35.2   1.3
  4. 2003:0:1306:c000::1                        0.0%  1000   28.5  31.0  27.7 104.1   9.6
  5. 2003:0:1306:c008::2                       88.4%  1000   29.1  29.2  28.3  32.1   0.5
  6. ce-0-4-0-0.r03.frnkge03.de.ce.gin.ntt.net  0.0%  1000   33.7  34.1  33.4  55.6   1.8
  7. core4.hetzner.de                           0.0%  1000   34.4  34.0  33.5  43.0   0.7
  8. core21.hetzner.de                          0.0%  1000   35.9  35.9  35.2  59.2   1.4
  9. juniper3.rz10.hetzner.de                   0.0%  1000   36.3  36.6  35.6  69.8   3.2
 10. hos-tr1.ms-ex3k2.rz13.hetzner.de           0.0%  1000   37.1  37.0  36.2  44.4   0.9
 11. ???                                       100.0  1000    0.0   0.0   0.0   0.0   0.0
 12. h2t.preissler.me                           0.0%  1000   37.0  36.1  35.5  62.7   0.9
