HOST: alix                                      Loss%   Snt   Last   Avg  Best  Wrst StDev
  1. fritz.box                                  0.0%  1000    0.8   0.7   0.7   1.2   0.1
  2. 2003:0:1801:c201::1                        0.0%  1000   22.5  21.2  20.7  25.6   0.4
  3. 2003:0:1801:c218::2                        0.0%  1000   24.4  24.6  22.3  27.8   1.2
  4. 2003:0:1306:c000::1                        0.0%  1000   28.3  30.4  27.6 116.2   8.7
  5. 2003:0:1306:c008::2                       93.0%  1000   29.9  29.2  28.3  30.7   0.5
  6. ce-0-4-0-0.r03.frnkge03.de.ce.gin.ntt.net  0.0%  1000   33.6  34.3  33.4  60.6   2.6
  7. core4.hetzner.de                           0.0%  1000   34.2  34.0  33.6  36.2   0.4
  8. core21.hetzner.de                          0.0%  1000   36.5  36.0  35.2  59.1   2.3
  9. juniper3.rz10.hetzner.de                   0.0%  1000   36.2  37.9  35.7  66.6   3.4
 10. hos-tr1.ms-ex3k2.rz13.hetzner.de           0.0%  1000   48.2  41.5  36.6  57.8   3.5
 11. ???                                       100.0  1000    0.0   0.0   0.0   0.0   0.0
 12. h2t.preissler.me                           0.0%  1000   39.3  41.1  35.8  55.0   3.6
