HOST: alix                                      Loss%   Snt   Last   Avg  Best  Wrst StDev
  1. fritz.box                                  0.0%  1000    0.8   0.7   0.7   2.2   0.1
  2. 2003:0:1801:c201::1                        0.0%  1000   21.6  21.2  20.8  32.9   0.6
  3. 2003:0:1803:8318::2                        0.0%  1000   25.3  24.6  22.2  35.6   1.3
  4. 2003:0:1306:c000::1                        0.0%  1000   28.5  31.3  27.8 131.9  10.2
  5. 2003:0:1306:c008::2                       85.4%  1000   28.9  29.3  28.5  31.2   0.5
  6. ce-0-4-0-0.r03.frnkge03.de.ce.gin.ntt.net  0.0%  1000   34.4  34.3  33.3  56.3   2.1
  7. core4.hetzner.de                           0.0%  1000   34.6  34.1  33.6  43.3   0.7
  8. core21.hetzner.de                          0.0%  1000   35.9  35.9  35.2  56.4   1.7
  9. juniper3.rz10.hetzner.de                   0.0%  1000   35.8  37.6  35.7  75.0   4.0
 10. hos-tr1.ms-ex3k2.rz13.hetzner.de           0.0%  1000   37.3  37.2  36.3  44.9   0.9
 11. ???                                       100.0  1000    0.0   0.0   0.0   0.0   0.0
 12. h2t.preissler.me                           0.0%  1000   36.3  36.1  35.5  38.5   0.5
