HOST: alix                                      Loss%   Snt   Last   Avg  Best  Wrst StDev
  1. fritz.box                                  0.0%  1000    0.8   0.7   0.7   1.4   0.1
  2. 2003:0:1801:c201::1                        0.0%  1000   21.0  21.1  20.7  30.9   0.5
  3. 2003:0:1801:c218::2                        0.0%  1000   26.3  24.7  22.0  33.5   1.3
  4. 2003:0:1306:c000::1                        0.0%  1000   28.3  30.7  27.7 104.2   9.3
  5. 2003:0:1306:c008::2                       86.7%  1000   30.0  29.0  28.6  31.0   0.3
  6. ce-0-4-0-0.r03.frnkge03.de.ce.gin.ntt.net  0.0%  1000   34.0  34.1  33.3  55.8   1.9
  7. core4.hetzner.de                           0.1%  1000   34.2  34.0  33.6  41.6   0.5
  8. core21.hetzner.de                          0.0%  1000   35.7  35.9  35.2  58.8   2.0
  9. juniper3.rz10.hetzner.de                   0.0%  1000   36.1  36.7  35.6  68.3   3.2
 10. hos-tr1.ms-ex3k2.rz13.hetzner.de           0.0%  1000   37.1  37.2  36.3  46.7   1.0
 11. ???                                       100.0  1000    0.0   0.0   0.0   0.0   0.0
 12. h2t.preissler.me                           0.0%  1000   36.6  36.2  35.5  39.8   0.4
