HOST: alix                             Loss%   Snt   Last   Avg  Best  Wrst StDev
  1. fritz.box                         0.0%  1000    0.7   0.7   0.7   1.8   0.1
  2. 2003:0:1801:c201::1               0.0%  1000   21.4  21.2  20.8  27.2   0.5
  3. 2003:0:1803:8318::2               0.0%  1000   23.8  24.8  22.3  48.8   1.6
  4. 2003:0:1308:4000::1               0.0%  1000   27.5  28.4  26.9  76.8   4.0
  5. 2003:0:1308:4007::2               0.0%  1000   35.0  28.7  27.3  78.7   3.7
  6. xe-3-1-0.fra28.ip6.gtt.net        0.0%  1000   28.0  28.7  27.5  74.5   3.7
  7. hetzner-online-gw.ip4.gtt.net     0.0%  1000   34.5  34.7  33.6  62.6   2.8
  8. core1.hetzner.de                  0.2%  1000   33.0  33.5  32.9  56.4   1.6
  9. core21.hetzner.de                 0.0%  1000   35.8  35.9  35.0  59.5   2.6
 10. juniper3.rz10.hetzner.de          0.0%  1000   42.4  40.2  35.3  79.6   6.0
 11. hos-tr3.ms-ex3k2.rz13.hetzner.de  0.0%  1000   42.0  45.8  37.0  76.3   7.2
 12. ???                              100.0  1000    0.0   0.0   0.0   0.0   0.0
 13. h2t.preissler.me                  0.0%  1000   40.2  43.3  35.3  71.4   6.9
