HOST: alix                                      Loss%   Snt   Last   Avg  Best  Wrst StDev
  1. fritz.box                                  0.0%  1000    0.7   0.7   0.7   1.3   0.1
  2. 2003:0:1801:c201::1                        0.0%  1000   21.6  21.2  20.7  23.9   0.4
  3. 2003:0:1803:8318::2                        0.0%  1000   26.0  24.5  22.1  30.0   1.3
  4. 2003:0:1306:c000::1                        0.0%  1000   28.5  31.3  27.8 104.4  10.4
  5. 2003:0:1306:c008::2                       89.0%  1000   29.5  29.2  28.6  30.6   0.4
  6. ce-0-4-0-0.r03.frnkge03.de.ce.gin.ntt.net  0.0%  1000   34.1  34.3  33.4  55.8   1.9
  7. core4.hetzner.de                           0.0%  1000   34.2  34.1  33.6  42.9   0.6
  8. core21.hetzner.de                          0.0%  1000   35.5  36.0  35.2  57.8   2.1
  9. juniper3.rz10.hetzner.de                   0.0%  1000   35.9  39.8  35.7  74.4   4.3
 10. hos-tr1.ms-ex3k2.rz13.hetzner.de           0.0%  1000   40.3  42.8  36.6  58.6   3.8
 11. ???                                       100.0  1000    0.0   0.0   0.0   0.0   0.0
 12. h2t.preissler.me                           0.0%  1000   40.7  40.8  35.8  52.2   2.9
