HOST: alix                                      Loss%   Snt   Last   Avg  Best  Wrst StDev
  1. fritz.box                                  0.0%  1000    0.9   0.7   0.7   2.3   0.1
  2. 2003:0:1801:c201::1                        0.0%  1000   21.5  21.2  20.7  23.8   0.3
  3. 2003:0:1801:c218::2                        0.0%  1000   26.6  24.5  22.3  48.9   1.6
  4. 2003:0:1306:c000::1                        0.0%  1000   28.1  31.2  27.7 119.3   9.9
  5. 2003:0:1306:c008::2                       88.3%  1000   28.7  29.4  28.4  32.9   0.7
  6. ce-0-4-0-0.r03.frnkge03.de.ce.gin.ntt.net  0.0%  1000   34.0  34.4  33.5  56.3   1.9
  7. core4.hetzner.de                           0.0%  1000   33.8  34.2  33.6  42.8   0.8
  8. core21.hetzner.de                          0.0%  1000   35.8  36.1  35.2  58.1   1.8
  9. juniper3.rz10.hetzner.de                   0.0%  1000   36.3  36.8  35.7  68.9   3.3
 10. hos-tr1.ms-ex3k2.rz13.hetzner.de           0.0%  1000   37.1  37.2  36.1  46.4   0.9
 11. ???                                       100.0  1000    0.0   0.0   0.0   0.0   0.0
 12. h2t.preissler.me                           0.0%  1000   36.4  36.2  35.5  39.5   0.5
