HOST: alix                                      Loss%   Snt   Last   Avg  Best  Wrst StDev
  1. fritz.box                                  0.0%  1000    0.7   0.7   0.7   1.2   0.1
  2. 2003:0:1801:c201::1                        0.0%  1000   21.1  21.1  20.7  24.3   0.3
  3. 2003:0:1803:8318::2                        0.0%  1000   27.2  24.6  22.4  30.6   1.3
  4. 2003:0:1306:c000::1                        0.0%  1000   28.5  30.8  27.8  94.3   9.1
  5. 2003:0:1306:c008::2                       85.6%  1000   29.3  29.5  28.3  64.7   3.1
  6. ce-0-4-0-0.r03.frnkge03.de.ce.gin.ntt.net  0.0%  1000   33.7  34.4  33.4  77.5   3.0
  7. core4.hetzner.de                           0.0%  1000   34.1  34.0  33.6  43.5   0.7
  8. core21.hetzner.de                          0.0%  1000   36.1  35.9  35.2  57.8   2.3
  9. juniper3.rz10.hetzner.de                   0.0%  1000   36.3  36.7  35.4  68.5   3.4
 10. hos-tr1.ms-ex3k2.rz13.hetzner.de           0.0%  1000   36.6  37.1  35.9  47.5   0.9
 11. ???                                       100.0  1000    0.0   0.0   0.0   0.0   0.0
 12. h2t.preissler.me                           0.0%  1000   36.3  36.2  35.5  39.8   0.5
