HOST: alix                                      Loss%   Snt   Last   Avg  Best  Wrst StDev
  1. fritz.box                                  0.0%  1000    0.8   0.7   0.7   1.1   0.1
  2. 2003:0:1801:c201::1                        0.0%  1000   21.9  21.2  20.7  23.6   0.4
  3. 2003:0:1801:c218::2                        0.0%  1000   22.6  24.5  22.3  47.6   1.5
  4. 2003:0:1306:c000::1                        0.0%  1000   28.2  30.4  27.6 103.9   8.6
  5. 2003:0:1306:c008::2                       88.5%  1000   29.0  29.3  28.4  32.6   0.7
  6. ce-0-4-0-0.r03.frnkge03.de.ce.gin.ntt.net  0.0%  1000   34.4  34.1  33.3  57.2   2.0
  7. core4.hetzner.de                           0.0%  1000   34.3  34.1  33.6  45.6   0.9
  8. core21.hetzner.de                          0.0%  1000   36.1  36.1  35.2  61.9   2.9
  9. juniper3.rz10.hetzner.de                   0.0%  1000   36.1  36.5  35.4  67.7   2.8
 10. hos-tr1.ms-ex3k2.rz13.hetzner.de           0.0%  1000   37.0  37.0  36.2  46.9   0.8
 11. ???                                       100.0  1000    0.0   0.0   0.0   0.0   0.0
 12. h2t.preissler.me                           0.0%  1000   36.1  36.0  35.5  43.0   0.4
