HOST: alix                             Loss%   Snt   Last   Avg  Best  Wrst StDev
  1. fritz.box                         0.0%  1000    0.8   0.7   0.7   2.8   0.2
  2. 2003:0:1801:c201::1               0.0%  1000   21.9  21.4  20.8  27.6   0.5
  3. 2003:0:1801:c218::2               0.5%  1000   26.7  24.7  22.2  43.4   1.5
  4. 2003:0:1308:4000::1               0.0%  1000   28.5  28.2  27.0  67.3   3.8
  5. 2003:0:1308:4007::2               0.4%  1000  114.7  54.9  27.4 156.5  36.2
  6. xe-3-0-0.fra28.ip6.gtt.net        0.2%  1000  115.4  54.6  27.4 139.2  36.2
  7. hetzner-online-gw.ip4.gtt.net     1.6%  1000  140.7  83.2  55.2 171.2  35.9
  8. core1.hetzner.de                  2.6%  1000  139.7  82.6  54.3 157.3  35.9
  9. core21.hetzner.de                 1.0%  1000  141.6  84.6  56.8 163.3  35.9
 10. juniper3.rz10.hetzner.de          1.0%  1000  143.9  85.7  57.0 163.3  35.9
 11. hos-tr3.ms-ex3k2.rz13.hetzner.de  0.8%  1000  144.6  86.5  57.7 152.0  36.0
 12. ???                              100.0  1000    0.0   0.0   0.0   0.0   0.0
 13. h2t.preissler.me                  1.3%  1000  135.9  84.3  56.6 148.0  36.0
