HOST: alix                                      Loss%   Snt   Last   Avg  Best  Wrst StDev
  1. fritz.box                                  0.0%  1000    0.7   0.7   0.7   1.8   0.1
  2. 2003:0:1801:c201::1                        0.0%  1000   21.5  21.2  20.8  25.4   0.4
  3. 2003:0:1801:c218::2                        0.0%  1000   25.0  24.5  22.0  46.0   1.6
  4. 2003:0:1306:c000::1                        0.0%  1000   28.3  31.0  27.6  95.6   9.2
  5. 2003:0:1306:c008::2                       90.3%  1000   28.9  29.2  28.5  31.2   0.5
  6. ce-0-4-0-0.r03.frnkge03.de.ce.gin.ntt.net  0.0%  1000   34.5  34.4  33.3  62.2   2.7
  7. core4.hetzner.de                           0.0%  1000   34.2  34.1  33.6  63.7   1.4
  8. core21.hetzner.de                          0.0%  1000   36.0  36.1  35.2  65.2   2.6
  9. juniper3.rz10.hetzner.de                   0.0%  1000   36.2  36.8  35.6  69.9   3.6
 10. hos-tr1.ms-ex3k2.rz13.hetzner.de           0.0%  1000   36.5  37.1  36.3  75.4   1.7
 11. ???                                       100.0  1000    0.0   0.0   0.0   0.0   0.0
 12. h2t.preissler.me                           0.0%  1000   36.0  36.2  35.5  90.6   1.8
