HOST: alix                             Loss%   Snt   Last   Avg  Best  Wrst StDev
  1. fritz.box                         0.0%  1000    0.8   0.7   0.7   2.2   0.1
  2. 2003:0:1801:c201::1               0.0%  1000   21.4  21.4  20.8  66.2   1.6
  3. 2003:0:1801:c218::2               0.0%  1000   25.1  24.7  22.2  52.0   1.6
  4. 2003:0:1308:4000::1               0.0%  1000   27.8  28.3  27.1  86.3   4.2
  5. 2003:0:1308:4007::2               0.0%  1000   39.8  42.0  27.7  87.0   8.5
  6. xe-3-1-0.fra28.ip6.gtt.net        0.0%  1000   38.3  42.2  28.0 103.1   9.1
  7. hetzner-online-gw.ip4.gtt.net     0.6%  1000   46.1  47.9  34.0  83.7   8.2
  8. core1.hetzner.de                  0.1%  1000   47.5  46.8  33.0  72.3   7.7
  9. core21.hetzner.de                 0.0%  1000   50.2  49.1  35.1  79.5   7.8
 10. juniper3.rz10.hetzner.de          0.0%  1000   48.4  49.8  35.5  95.4   8.4
 11. hos-tr3.ms-ex3k2.rz13.hetzner.de  0.0%  1000   48.6  50.7  37.0  75.8   7.5
 12. ???                              100.0  1000    0.0   0.0   0.0   0.0   0.0
 13. h2t.preissler.me                  0.0%  1000   45.1  48.7  35.1  74.7   7.4
