HOST: alix                                      Loss%   Snt   Last   Avg  Best  Wrst StDev
  1. fritz.box                                  0.0%  1000    0.8   0.7   0.7   1.4   0.1
  2. 2003:0:1801:c201::1                        0.0%  1000   21.4  21.2  20.7  23.5   0.3
  3. 2003:0:1803:8318::2                        0.0%  1000   24.4  24.6  22.2  44.0   1.5
  4. 2003:0:1306:c000::1                        0.0%  1000   28.5  31.3  27.6 116.1  10.5
  5. 2003:0:1306:c008::2                       69.1%  1000   29.4  42.2  28.6  89.1  15.0
  6. ce-0-4-0-0.r03.frnkge03.de.ce.gin.ntt.net  1.5%  1000   56.9  64.4  54.8 100.7   9.1
  7. core4.hetzner.de                           2.0%  1000   56.6  64.2  54.5  93.2   8.6
  8. core21.hetzner.de                          0.6%  1000   58.4  65.8  56.6  97.1   8.6
  9. juniper3.rz10.hetzner.de                   2.1%  1000   59.0  66.9  57.1 110.2   9.1
 10. hos-tr1.ms-ex3k2.rz13.hetzner.de           1.5%  1000   60.4  67.1  58.0  97.8   8.6
 11. ???                                       100.0  1000    0.0   0.0   0.0   0.0   0.0
 12. h2t.preissler.me                           1.1%  1000   58.5  65.9  57.1  95.6   8.6
