HOST: alix                             Loss%   Snt   Last   Avg  Best  Wrst StDev
  1. fritz.box                         0.0%  1000    0.8   0.7   0.7   1.3   0.1
  2. 2003:0:1801:c201::1               0.0%  1000   21.7  21.2  20.7  25.9   0.5
  3. 2003:0:1803:8318::2               0.0%  1000   27.1  24.7  22.0  35.9   1.3
  4. 2003:0:1308:4000::1               0.0%  1000   28.1  28.1  26.9  74.8   3.3
  5. 2003:0:1308:4007::2               0.0%  1000   32.8  28.5  27.3  87.8   3.8
  6. xe-3-0-1.fra28.ip6.gtt.net        0.0%  1000   28.3  28.5  27.5  72.9   3.1
  7. hetzner-online-gw.ip4.gtt.net     0.2%  1000   34.8  34.6  33.7  58.5   2.4
  8. core1.hetzner.de                  0.1%  1000   33.8  33.6  32.9  56.8   1.7
  9. core21.hetzner.de                 0.0%  1000   35.4  35.9  35.0  62.3   2.5
 10. juniper3.rz10.hetzner.de          0.0%  1000   36.3  36.6  35.2  69.7   3.7
 11. hos-tr3.ms-ex3k2.rz13.hetzner.de  0.0%  1000   38.1  37.4  36.6  47.8   0.8
 12. ???                              100.0  1000    0.0   0.0   0.0   0.0   0.0
 13. h2t.preissler.me                  0.0%  1000   35.5  35.4  34.8  41.0   0.5
