HOST: alix                                      Loss%   Snt   Last   Avg  Best  Wrst StDev
  1. fritz.box                                  0.0%  1000    0.8   0.7   0.7   1.3   0.1
  2. 2003:0:1801:c201::1                        0.0%  1000   21.5  21.1  20.7  24.2   0.3
  3. 2003:0:1803:8318::2                        0.0%  1000   25.0  24.6  22.3  39.9   1.3
  4. 2003:0:1306:c000::1                        0.0%  1000   28.3  30.6  27.7 114.3   9.3
  5. 2003:0:1306:c008::2                       85.9%  1000   29.3  29.5  28.2  84.8   4.7
  6. ce-0-4-0-0.r03.frnkge03.de.ce.gin.ntt.net  0.0%  1000   34.2  34.2  33.3  57.0   2.3
  7. core4.hetzner.de                           0.0%  1000   34.4  34.0  33.6  40.7   0.5
  8. core21.hetzner.de                          0.0%  1000   36.0  35.9  35.2  58.0   1.8
  9. juniper3.rz10.hetzner.de                   0.0%  1000   36.1  36.6  35.6  70.0   3.3
 10. hos-tr1.ms-ex3k2.rz13.hetzner.de           0.0%  1000   37.2  37.0  36.1  47.1   0.9
 11. ???                                       100.0  1000    0.0   0.0   0.0   0.0   0.0
 12. h2t.preissler.me                           0.0%  1000   36.1  36.1  35.5  38.2   0.4
