HOST: alix                                      Loss%   Snt   Last   Avg  Best  Wrst StDev
  1. fritz.box                                  0.0%  1000    0.8   0.7   0.7   1.2   0.1
  2. 2003:0:1801:c201::1                        0.0%  1000   21.4  21.2  20.7  27.5   0.6
  3. 2003:0:1803:8318::2                        0.0%  1000   25.4  24.7  22.1  38.3   1.4
  4. 2003:0:1306:c000::1                        1.7%  1000   28.8  36.9  27.4 242.7  27.8
  5. 2003:0:1306:c008::2                       86.1%  1000   29.2  29.2  28.4  31.2   0.6
  6. ce-0-4-0-0.r03.frnkge03.de.ce.gin.ntt.net  2.0%  1000   34.5  34.4  33.4  57.6   1.8
  7. core4.hetzner.de                           0.0%  1000   34.1  34.1  33.6  47.1   0.8
  8. core21.hetzner.de                          0.0%  1000   35.6  35.9  35.2  60.8   1.8
  9. juniper3.rz10.hetzner.de                   0.0%  1000   39.8  44.5  35.8  82.1   5.2
 10. hos-tr1.ms-ex3k2.rz13.hetzner.de           0.0%  1000   43.0  49.0  38.2  74.1   4.7
 11. ???                                       100.0  1000    0.0   0.0   0.0   0.0   0.0
 12. h2t.preissler.me                           0.0%  1000   45.2  47.5  36.6  60.9   4.6
