HOST: alix                                      Loss%   Snt   Last   Avg  Best  Wrst StDev
  1. fritz.box                                  0.0%  1000    0.9   0.7   0.7   3.7   0.2
  2. 2003:0:1801:c201::1                        0.0%  1000   21.2  21.2  20.7  24.0   0.4
  3. 2003:0:1801:c218::2                        0.0%  1000   24.9  24.5  22.0  45.1   1.4
  4. 2003:0:1306:c000::1                        0.0%  1000   28.8  30.6  27.6  94.2   9.0
  5. 2003:0:1306:c008::2                       84.2%  1000   29.0  29.1  28.2  31.2   0.4
  6. ce-0-4-0-0.r03.frnkge03.de.ce.gin.ntt.net  0.0%  1000   35.2  34.3  33.4  58.0   2.7
  7. core4.hetzner.de                           0.0%  1000   34.4  34.1  33.6  59.3   1.6
  8. core21.hetzner.de                          0.0%  1000   36.0  36.1  35.2  61.1   2.6
  9. juniper3.rz10.hetzner.de                   0.0%  1000   39.5  37.6  35.7  63.9   2.7
 10. hos-tr1.ms-ex3k2.rz13.hetzner.de           0.0%  1000   38.3  40.0  36.2  60.7   2.8
 11. ???                                       100.0  1000    0.0   0.0   0.0   0.0   0.0
 12. h2t.preissler.me                           0.0%  1000   36.1  38.9  35.6  49.2   2.4
