HOST: alix                                      Loss%   Snt   Last   Avg  Best  Wrst StDev
  1. fritz.box                                  0.0%  1000    0.8   0.7   0.7   1.1   0.1
  2. 2003:0:1801:c201::1                        0.0%  1000   21.4  21.2  20.7  23.3   0.3
  3. 2003:0:1801:c218::2                        0.0%  1000   24.7  24.6  22.2  38.9   1.5
  4. 2003:0:1306:c000::1                        0.0%  1000   28.3  30.9  27.6 116.6   9.6
  5. 2003:0:1306:c008::2                       87.8%  1000   29.3  29.1  28.5  30.8   0.4
  6. ce-0-4-0-0.r03.frnkge03.de.ce.gin.ntt.net  0.0%  1000   35.0  36.2  33.4  58.1   3.8
  7. core4.hetzner.de                           0.3%  1000   35.2  36.0  33.6  53.4   3.2
  8. core21.hetzner.de                          0.0%  1000   36.3  37.7  35.2  62.8   3.8
  9. juniper3.rz10.hetzner.de                   0.0%  1000   36.1  38.3  35.6  68.6   4.4
 10. hos-tr1.ms-ex3k2.rz13.hetzner.de           0.0%  1000   37.5  38.8  36.2  57.2   3.1
 11. ???                                       100.0  1000    0.0   0.0   0.0   0.0   0.0
 12. h2t.preissler.me                           0.0%  1000   38.1  37.8  35.6  55.0   3.0
