HOST: alix                                      Loss%   Snt   Last   Avg  Best  Wrst StDev
  1. fritz.box                                  0.0%  1000    0.7   0.7   0.7   2.3   0.1
  2. 2003:0:1801:c201::1                        0.0%  1000   21.6  21.2  20.7  24.2   0.3
  3. 2003:0:1803:8318::2                        0.0%  1000   24.7  24.5  22.1  40.2   1.4
  4. 2003:0:1306:c000::1                        0.0%  1000   28.5  31.5  27.9  99.7  10.5
  5. 2003:0:1306:c008::2                       85.0%  1000   29.5  35.3  28.6  83.6  12.4
  6. ce-0-4-0-0.r03.frnkge03.de.ce.gin.ntt.net  1.5%  1000   55.8  57.3  54.0  97.4   5.1
  7. core4.hetzner.de                           1.0%  1000   56.5  57.2  53.9  96.6   4.7
  8. core21.hetzner.de                          1.1%  1000   58.3  59.1  55.9  94.0   5.0
  9. juniper3.rz10.hetzner.de                   1.4%  1000   57.9  60.7  56.5  97.1   6.1
 10. hos-tr1.ms-ex3k2.rz13.hetzner.de           1.0%  1000   59.1  60.2  56.6  96.1   4.7
 11. ???                                       100.0  1000    0.0   0.0   0.0   0.0   0.0
 12. h2t.preissler.me                           0.9%  1000   58.3  59.2  55.1  95.2   4.6
