HOST: alix                                      Loss%   Snt   Last   Avg  Best  Wrst StDev
  1. fritz.box                                  0.0%  1000    0.9   0.7   0.7   1.4   0.1
  2. 2003:0:1801:c201::1                        0.0%  1000   21.6  21.2  20.7  36.0   1.0
  3. 2003:0:1803:8318::2                        0.0%  1000   25.8  24.7  22.3  58.5   2.0
  4. 2003:0:1306:c000::1                        0.0%  1000   28.4  30.5  27.7  89.2   8.0
  5. 2003:0:1306:c008::2                       89.8%  1000   29.0  29.3  28.3  40.9   1.4
  6. ce-0-4-0-0.r03.frnkge03.de.ce.gin.ntt.net  0.0%  1000   34.0  34.3  33.3  63.7   2.4
  7. core4.hetzner.de                           0.1%  1000   34.2  34.2  33.6  69.5   2.2
  8. core21.hetzner.de                          0.0%  1000   35.8  36.0  35.2  69.2   2.7
  9. juniper3.rz10.hetzner.de                   0.0%  1000   36.2  36.5  35.4  70.5   3.0
 10. hos-tr1.ms-ex3k2.rz13.hetzner.de           0.0%  1000   37.3  37.4  36.2  93.9   3.8
 11. ???                                       100.0  1000    0.0   0.0   0.0   0.0   0.0
 12. h2t.preissler.me                           0.0%  1000   36.2  36.1  35.5  76.8   1.6
