HOST: alix                                      Loss%   Snt   Last   Avg  Best  Wrst StDev
  1. fritz.box                                  0.0%  1000    0.9   0.7   0.7   4.8   0.2
  2. 2003:0:1801:c201::1                        0.0%  1000   21.3  21.2  20.7  24.2   0.4
  3. 2003:0:1803:8318::2                        0.0%  1000   23.4  24.7  22.0  38.5   1.3
  4. 2003:0:1306:c000::1                        0.0%  1000   28.5  30.6  27.7 117.4   9.0
  5. 2003:0:1306:c008::2                       90.1%  1000   29.2  29.1  28.5  30.7   0.4
  6. ce-0-4-0-0.r03.frnkge03.de.ce.gin.ntt.net  0.0%  1000   34.1  34.2  33.4  57.2   2.1
  7. core4.hetzner.de                           0.0%  1000   34.3  34.0  33.5  54.6   0.9
  8. core21.hetzner.de                          0.0%  1000   37.9  35.9  35.2  60.3   2.2
  9. juniper3.rz10.hetzner.de                   0.0%  1000   41.6  39.2  35.7  70.9   3.8
 10. hos-tr1.ms-ex3k2.rz13.hetzner.de           0.0%  1000   38.8  43.7  36.9  60.3   4.2
 11. ???                                       100.0  1000    0.0   0.0   0.0   0.0   0.0
 12. h2t.preissler.me                           0.0%  1000   37.4  41.8  35.8  62.5   3.8
