HOST: alix                                      Loss%   Snt   Last   Avg  Best  Wrst StDev
  1. fritz.box                                  0.0%  1000    0.7   0.7   0.7   3.6   0.1
  2. 2003:0:1801:c201::1                        0.0%  1000   21.4  21.1  20.7  23.8   0.3
  3. 2003:0:1801:c218::2                        0.0%  1000   23.8  24.7  22.3  32.4   1.3
  4. 2003:0:1306:c000::1                        0.0%  1000   28.5  30.8  27.6 104.6   8.9
  5. 2003:0:1306:c008::2                       88.6%  1000   30.6  29.2  28.4  30.7   0.5
  6. ce-0-4-0-0.r03.frnkge03.de.ce.gin.ntt.net  0.0%  1000   34.2  34.2  33.4  55.3   2.2
  7. core4.hetzner.de                           0.0%  1000   33.8  34.0  33.5  42.1   0.6
  8. core21.hetzner.de                          0.0%  1000   35.8  35.8  35.2  57.6   1.7
  9. juniper3.rz10.hetzner.de                   0.0%  1000   36.3  36.7  35.5  65.7   3.2
 10. hos-tr1.ms-ex3k2.rz13.hetzner.de           0.0%  1000   37.2  37.0  36.2  45.5   0.9
 11. ???                                       100.0  1000    0.0   0.0   0.0   0.0   0.0
 12. h2t.preissler.me                           0.0%  1000   36.1  36.1  35.6  39.8   0.4
