HOST: alix                                      Loss%   Snt   Last   Avg  Best  Wrst StDev
  1. fritz.box                                  0.0%  1000    0.9   0.7   0.7   2.2   0.1
  2. 2003:0:1801:c201::1                        0.0%  1000   21.3  21.2  20.7  23.6   0.3
  3. 2003:0:1803:8318::2                        0.0%  1000   24.3  24.5  22.3  41.6   1.4
  4. 2003:0:1306:c000::1                        0.0%  1000   36.3  31.1  27.7  93.9   9.5
  5. 2003:0:1306:c008::2                       89.4%  1000   29.8  29.5  28.5  38.0   1.1
  6. ce-0-4-0-0.r03.frnkge03.de.ce.gin.ntt.net  0.0%  1000   55.9  45.2  33.7  78.4   7.9
  7. core4.hetzner.de                           0.0%  1000   55.6  44.8  33.7  65.3   7.6
  8. core21.hetzner.de                          0.0%  1000   53.4  46.7  35.3  80.9   7.7
  9. juniper3.rz10.hetzner.de                   0.0%  1000   54.0  47.4  35.8  94.2   8.0
 10. hos-tr1.ms-ex3k2.rz13.hetzner.de           0.0%  1000   56.8  47.7  36.5  65.6   7.4
 11. ???                                       100.0  1000    0.0   0.0   0.0   0.0   0.0
 12. h2t.preissler.me                           0.0%  1000   58.2  47.0  35.8  60.5   7.5
