HOST: alix                                      Loss%   Snt   Last   Avg  Best  Wrst StDev
  1. fritz.box                                  0.0%  1000    0.8   0.7   0.7   2.2   0.1
  2. 2003:0:1801:c201::1                        0.0%  1000   21.3  21.3  20.7  27.9   0.6
  3. 2003:0:1803:8318::2                        0.0%  1000   22.9  24.6  22.1  46.1   1.6
  4. 2003:0:1306:c000::1                        0.0%  1000   28.7  30.7  27.7  95.4   8.8
  5. 2003:0:1306:c008::2                       83.7%  1000   29.9  30.8  28.5  43.5   2.6
  6. ce-0-4-0-0.r03.frnkge03.de.ce.gin.ntt.net  0.0%  1000   50.4  50.8  34.9  77.0   5.8
  7. core4.hetzner.de                           0.0%  1000   52.9  50.5  34.1  73.1   5.6
  8. core21.hetzner.de                          0.2%  1000   55.9  52.4  36.0  77.4   5.8
  9. juniper3.rz10.hetzner.de                   0.1%  1000   58.2  53.3  36.9  88.3   6.4
 10. hos-tr1.ms-ex3k2.rz13.hetzner.de           0.2%  1000   57.4  53.7  37.2  79.1   5.5
 11. ???                                       100.0  1000    0.0   0.0   0.0   0.0   0.0
 12. h2t.preissler.me                           0.1%  1000   58.5  53.1  36.1  72.7   5.4
