HOST: alix                             Loss%   Snt   Last   Avg  Best  Wrst StDev
  1. fritz.box                         0.0%  1000    0.8   0.7   0.7   3.0   0.2
  2. 2003:0:1801:c201::1               0.1%  1000   21.7  23.7  20.7  87.1  10.0
  3. 2003:0:1801:c218::2               0.0%  1000   24.0  27.1  22.3  90.7  10.3
  4. 2003:0:1308:4000::1               0.0%  1000   27.5  30.3  27.0  92.7  10.7
  5. 2003:0:1308:4007::2               0.0%  1000   92.7  37.6  27.4 161.7  17.9
  6. fra44.ip6.gtt.net                 0.0%  1000  106.6  51.0  41.3 138.2  16.7
  7. hetzner-online-gw.ip4.gtt.net     1.8%  1000  136.1  79.8  69.0 177.2  16.9
  8. core1.hetzner.de                  1.2%  1000  133.8  78.8  67.7 175.9  16.4
  9. core21.hetzner.de                 1.1%  1000  137.5  80.6  70.0 181.4  16.2
 10. juniper3.rz10.hetzner.de          1.3%  1000  137.5  81.2  70.2 176.0  16.7
 11. hos-tr3.ms-ex3k2.rz13.hetzner.de  1.3%  1000  138.0  82.6  72.4 193.3  16.9
 12. ???                              100.0  1000    0.0   0.0   0.0   0.0   0.0
 13. h2t.preissler.me                  1.1%  1000  132.4  80.4  70.0 166.0  16.3
