HOST: alix                                      Loss%   Snt   Last   Avg  Best  Wrst StDev
  1. fritz.box                                  0.0%  1000    0.8   0.7   0.7   2.1   0.1
  2. 2003:0:1801:c201::1                        0.0%  1000   21.5  21.3  20.8  40.6   0.9
  3. 2003:0:1803:8318::2                        0.0%  1000   24.1  24.6  22.1  42.3   1.6
  4. 2003:0:1306:c000::1                        0.0%  1000   28.5  30.8  27.7 117.4   9.4
  5. 2003:0:1306:c008::2                       90.3%  1000   29.2  30.5  28.6  41.1   2.3
  6. ce-0-4-0-0.r03.frnkge03.de.ce.gin.ntt.net  0.0%  1000   38.9  36.7  33.5  57.5   4.4
  7. core4.hetzner.de                           0.0%  1000   36.9  36.6  33.6  56.2   4.2
  8. core21.hetzner.de                          0.0%  1000   36.5  38.4  35.2  58.4   4.5
  9. juniper3.rz10.hetzner.de                   0.0%  1000   36.9  39.0  35.7  78.2   5.2
 10. hos-tr1.ms-ex3k2.rz13.hetzner.de           0.0%  1000   38.0  39.5  36.3  60.2   4.1
 11. ???                                       100.0  1000    0.0   0.0   0.0   0.0   0.0
 12. h2t.preissler.me                           0.0%  1000   36.0  38.7  35.7  57.4   4.1
