HOST: alix                                      Loss%   Snt   Last   Avg  Best  Wrst StDev
  1. fritz.box                                  0.0%  1000    0.8   0.7   0.7   1.6   0.1
  2. 2003:0:1801:c201::1                        0.0%  1000   21.5  21.2  20.7  24.6   0.4
  3. 2003:0:1803:8318::2                        0.0%  1000   24.1  24.5  22.2  35.1   1.4
  4. 2003:0:1306:c000::1                        0.0%  1000   28.7  30.6  27.6  96.6   8.7
  5. 2003:0:1306:c008::2                       86.6%  1000   28.8  29.2  28.4  31.3   0.5
  6. ce-0-4-0-0.r03.frnkge03.de.ce.gin.ntt.net  0.0%  1000   34.3  34.2  33.4  53.5   2.1
  7. core4.hetzner.de                           0.0%  1000   34.2  34.0  33.5  42.8   0.6
  8. core21.hetzner.de                          0.0%  1000   35.8  36.0  35.2  57.5   2.3
  9. juniper3.rz10.hetzner.de                   0.0%  1000   36.3  36.7  35.6  68.8   3.7
 10. hos-tr1.ms-ex3k2.rz13.hetzner.de           0.0%  1000   37.5  37.1  36.2  46.5   1.0
 11. ???                                       100.0  1000    0.0   0.0   0.0   0.0   0.0
 12. h2t.preissler.me                           0.0%  1000   36.6  36.1  35.5  39.8   0.4
