HOST: alix                                      Loss%   Snt   Last   Avg  Best  Wrst StDev
  1. fritz.box                                  0.0%  1000    0.8   0.7   0.7   2.1   0.1
  2. 2003:0:1801:c201::1                        0.0%  1000   21.5  21.3  20.8  24.4   0.3
  3. 2003:0:1803:8318::2                        0.0%  1000   23.4  24.7  22.3  42.9   1.6
  4. 2003:0:1306:c000::1                        0.0%  1000   28.9  31.1  27.7 104.4   9.9
  5. 2003:0:1306:c008::2                       83.0%  1000   62.1  46.9  28.8  73.9  10.6
  6. ce-0-4-0-0.r03.frnkge03.de.ce.gin.ntt.net  0.6%  1000   64.5  58.5  48.1  96.7   6.1
  7. core4.hetzner.de                           0.4%  1000   65.8  58.4  47.9  96.6   5.7
  8. core21.hetzner.de                          0.7%  1000   65.1  60.4  51.7 105.0   6.1
  9. juniper3.rz10.hetzner.de                   0.3%  1000   62.2  61.1  52.8  96.7   6.3
 10. hos-tr1.ms-ex3k2.rz13.hetzner.de           0.4%  1000   61.2  61.6  54.5  97.9   5.7
 11. ???                                       100.0  1000    0.0   0.0   0.0   0.0   0.0
 12. h2t.preissler.me                           0.5%  1000   63.7  60.3  53.1  96.2   5.9
