HOST: alix                                      Loss%   Snt   Last   Avg  Best  Wrst StDev
  1. fritz.box                                  0.0%  1000    1.0   0.7   0.7   2.9   0.1
  2. 2003:0:1801:c201::1                        0.0%  1000   21.8  21.2  20.7  24.2   0.3
  3. 2003:0:1803:8318::2                        0.0%  1000   27.0  24.6  22.3  43.8   1.5
  4. 2003:0:1306:c000::1                        0.0%  1000   28.3  30.3  27.7  91.8   7.9
  5. 2003:0:1306:c008::2                       88.4%  1000   30.3  32.7  28.7  62.2   5.1
  6. ce-0-4-0-0.r03.frnkge03.de.ce.gin.ntt.net  0.0%  1000   34.4  34.1  33.3  55.8   1.8
  7. core4.hetzner.de                           0.1%  1000   34.3  34.0  33.6  43.2   0.8
  8. core21.hetzner.de                          0.0%  1000   36.1  36.0  35.2  57.4   1.9
  9. juniper3.rz10.hetzner.de                   0.0%  1000   36.0  36.7  35.7  69.2   3.7
 10. hos-tr1.ms-ex3k2.rz13.hetzner.de           0.0%  1000   36.6  37.0  36.1  43.7   0.8
 11. ???                                       100.0  1000    0.0   0.0   0.0   0.0   0.0
 12. h2t.preissler.me                           0.0%  1000   36.5  36.1  35.5  40.1   0.4
