HOST: alix                                      Loss%   Snt   Last   Avg  Best  Wrst StDev
  1. fritz.box                                  0.0%  1000    0.8   0.7   0.7   1.6   0.1
  2. 2003:0:1801:c201::1                        0.0%  1000   21.3  21.3  20.7  42.2   1.1
  3. 2003:0:1803:8318::2                        0.0%  1000   25.0  24.6  22.1  50.4   1.9
  4. 2003:0:1306:c000::1                        0.0%  1000   28.9  31.3  27.8 100.6  10.1
  5. 2003:0:1306:c008::2                       90.2%  1000   29.4  29.3  28.4  31.1   0.5
  6. ce-0-4-0-0.r03.frnkge03.de.ce.gin.ntt.net  0.0%  1000   33.9  34.2  33.4  57.0   2.0
  7. core4.hetzner.de                           0.0%  1000   33.9  34.1  33.5  56.0   1.2
  8. core21.hetzner.de                          0.0%  1000   35.7  36.0  35.2  58.2   2.3
  9. juniper3.rz10.hetzner.de                   0.0%  1000   36.5  36.5  35.6  64.6   2.5
 10. hos-tr1.ms-ex3k2.rz13.hetzner.de           0.0%  1000   36.8  37.2  36.3  57.1   1.2
 11. ???                                       100.0  1000    0.0   0.0   0.0   0.0   0.0
 12. h2t.preissler.me                           0.0%  1000   36.3  36.1  35.5  45.0   0.6
