HOST: alix                                      Loss%   Snt   Last   Avg  Best  Wrst StDev
  1. fritz.box                                  0.0%  1000    0.8   0.7   0.7   8.6   0.4
  2. 2003:0:1801:c201::1                        0.1%  1000   21.6  25.9  20.8  86.2  13.7
  3. 2003:0:1803:8318::2                        0.0%  1000   25.5  29.5  22.3  92.5  14.2
  4. 2003:0:1306:c000::1                        0.2%  1000   28.5  35.3  27.8 148.5  16.0
  5. 2003:0:1306:c008::2                       79.5%  1000   28.9  37.7  28.3  95.2  15.1
  6. ce-0-4-0-0.r03.frnkge03.de.ce.gin.ntt.net  1.0%  1000   55.5  63.2  53.5 136.1  14.4
  7. core4.hetzner.de                           0.9%  1000   55.9  63.4  53.4 135.9  14.5
  8. core21.hetzner.de                          0.8%  1000   57.4  65.2  55.4 133.8  14.8
  9. juniper3.rz10.hetzner.de                   1.0%  1000   60.5  65.8  55.7 137.4  14.9
 10. hos-tr1.ms-ex3k2.rz13.hetzner.de           1.0%  1000   59.4  66.2  55.9 133.9  14.9
 11. ???                                       100.0  1000    0.0   0.0   0.0   0.0   0.0
 12. h2t.preissler.me                           1.4%  1000   59.7  65.3  55.8 136.4  14.9
