HOST: alix                                      Loss%   Snt   Last   Avg  Best  Wrst StDev
  1. fritz.box                                  0.0%  1000    0.8   0.7   0.7   3.6   0.1
  2. 2003:0:1801:c201::1                        0.0%  1000   21.5  21.2  20.8  23.5   0.3
  3. 2003:0:1801:c218::2                        0.0%  1000   25.1  24.5  22.1  39.1   1.4
  4. 2003:0:1306:c000::1                        0.0%  1000   28.1  31.0  27.7  97.1   9.3
  5. 2003:0:1306:c008::2                       92.7%  1000   29.3  44.9  28.9  84.4  11.2
  6. ce-0-4-0-0.r03.frnkge03.de.ce.gin.ntt.net  0.7%  1000   56.5  58.8  53.4 102.3   6.8
  7. core4.hetzner.de                           1.2%  1000   54.3  58.8  54.0  93.0   6.5
  8. core21.hetzner.de                          1.3%  1000   57.3  61.0  55.7  94.3   6.8
  9. juniper3.rz10.hetzner.de                   0.8%  1000   59.0  61.7  56.2 108.9   7.1
 10. hos-tr1.ms-ex3k2.rz13.hetzner.de           1.1%  1000   59.9  62.2  56.8  94.3   6.3
 11. ???                                       100.0  1000    0.0   0.0   0.0   0.0   0.0
 12. h2t.preissler.me                           1.3%  1000   58.2  60.5  55.9  97.0   6.4
