HOST: alix                                      Loss%   Snt   Last   Avg  Best  Wrst StDev
  1. fritz.box                                  0.0%  1000    0.8   0.7   0.7   2.1   0.1
  2. 2003:0:1801:c201::1                        0.0%  1000   21.3  21.1  20.7  23.1   0.3
  3. 2003:0:1801:c218::2                        0.0%  1000   25.5  24.5  22.3  39.8   1.3
  4. 2003:0:1306:c000::1                        0.0%  1000   28.7  31.0  27.8  93.1   8.4
  5. 2003:0:1306:c008::2                       89.5%  1000   29.1  29.1  28.4  31.0   0.4
  6. ce-0-4-0-0.r03.frnkge03.de.ce.gin.ntt.net  0.0%  1000   34.1  34.0  33.4  56.1   1.8
  7. core4.hetzner.de                           0.0%  1000   34.2  34.0  33.5  43.5   0.8
  8. core21.hetzner.de                          0.0%  1000   35.5  35.7  35.1  55.7   1.4
  9. juniper3.rz10.hetzner.de                   0.0%  1000   36.1  37.8  35.6  68.1   3.6
 10. hos-tr1.ms-ex3k2.rz13.hetzner.de           0.0%  1000   37.2  38.6  36.1  51.4   1.6
 11. ???                                       100.0  1000    0.0   0.0   0.0   0.0   0.0
 12. h2t.preissler.me                           0.0%  1000   36.7  37.4  35.6  41.8   1.1
