HOST: alix                                      Loss%   Snt   Last   Avg  Best  Wrst StDev
  1. fritz.box                                  0.0%  1000    0.8   0.7   0.7   1.3   0.1
  2. 2003:0:1801:c201::1                        0.0%  1000   21.6  21.2  20.8  23.4   0.3
  3. 2003:0:1801:c218::2                        0.0%  1000   23.8  24.5  22.2  50.4   1.5
  4. 2003:0:1306:c000::1                        0.0%  1000   28.4  30.5  27.8  91.5   8.2
  5. 2003:0:1306:c008::2                       91.0%  1000   29.0  29.2  28.5  31.0   0.5
  6. ce-0-4-0-0.r03.frnkge03.de.ce.gin.ntt.net  0.1%  1000   45.3  53.6  35.1  79.1   4.7
  7. core4.hetzner.de                           0.3%  1000   45.0  53.5  35.3  81.0   4.4
  8. core21.hetzner.de                          0.3%  1000   48.4  55.3  38.1  77.5   4.4
  9. juniper3.rz10.hetzner.de                   0.2%  1000   49.9  56.0  37.6 110.1   5.6
 10. hos-tr1.ms-ex3k2.rz13.hetzner.de           0.8%  1000   50.7  56.4  38.6  69.3   4.1
 11. ???                                       100.0  1000    0.0   0.0   0.0   0.0   0.0
 12. h2t.preissler.me                           0.5%  1000   52.1  55.2  36.2  60.7   4.0
