HOST: alix                                      Loss%   Snt   Last   Avg  Best  Wrst StDev
  1. fritz.box                                  0.0%  1000    0.8   0.7   0.7   6.9   0.2
  2. 2003:0:1801:c201::1                        0.0%  1000   21.5  21.1  20.7  23.8   0.3
  3. 2003:0:1801:c218::2                        0.0%  1000   23.6  24.6  22.4  43.5   1.5
  4. 2003:0:1306:c000::1                        0.0%  1000   38.4  30.9  27.7 113.4   9.4
  5. 2003:0:1306:c008::2                       87.4%  1000   29.5  29.2  28.6  31.0   0.5
  6. ce-0-4-0-0.r03.frnkge03.de.ce.gin.ntt.net  0.0%  1000   44.3  34.1  33.3  55.5   1.9
  7. core4.hetzner.de                           0.0%  1000   34.3  34.0  33.6  42.8   0.7
  8. core21.hetzner.de                          0.0%  1000   36.0  35.9  35.2  58.5   1.6
  9. juniper3.rz10.hetzner.de                   0.0%  1000   36.4  36.7  35.6  59.6   2.6
 10. hos-tr1.ms-ex3k2.rz13.hetzner.de           0.0%  1000   36.8  37.4  36.2  47.3   1.1
 11. ???                                       100.0  1000    0.0   0.0   0.0   0.0   0.0
 12. h2t.preissler.me                           0.0%  1000   36.7  36.4  35.6  42.6   0.7
