HOST: alix                             Loss%   Snt   Last   Avg  Best  Wrst StDev
  1. fritz.box                         0.0%  1000    0.8   0.7   0.7   1.2   0.1
  2. 2003:0:1801:c201::1               0.0%  1000   21.3  21.3  20.7  23.7   0.5
  3. 2003:0:1803:8318::2               0.0%  1000   24.9  24.7  22.3  48.8   1.5
  4. 2003:0:1308:4000::1               0.0%  1000   31.3  28.3  27.1  78.9   4.2
  5. 2003:0:1308:4007::2               0.0%  1000   27.8  28.3  27.3  95.8   3.6
  6. xe-3-0-1.fra28.ip6.gtt.net        0.0%  1000   28.0  28.5  27.6  65.1   3.4
  7. hetzner-online-gw.ip4.gtt.net     0.0%  1000   34.5  34.5  33.8  57.6   2.0
  8. core1.hetzner.de                  0.4%  1000   33.4  33.5  32.9  54.8   1.6
  9. core21.hetzner.de                 0.0%  1000   35.8  35.7  35.0  58.8   2.1
 10. juniper3.rz10.hetzner.de          0.0%  1000   43.5  40.5  35.3  80.0   5.1
 11. hos-tr3.ms-ex3k2.rz13.hetzner.de  0.0%  1000   46.2  44.9  37.4  62.8   4.5
 12. ???                              100.0  1000    0.0   0.0   0.0   0.0   0.0
 13. h2t.preissler.me                  0.0%  1000   51.4  46.1  35.5  62.5   6.0
