HOST: alix                                      Loss%   Snt   Last   Avg  Best  Wrst StDev
  1. fritz.box                                  0.0%  1000    0.8   0.7   0.7   1.5   0.1
  2. 2003:0:1801:c201::1                        0.0%  1000   21.7  21.3  20.7  55.3   1.9
  3. 2003:0:1801:c218::2                        0.0%  1000   26.8  24.7  22.1  62.7   2.4
  4. 2003:0:1306:c000::1                        0.0%  1000   28.4  30.7  27.7  94.1   8.5
  5. 2003:0:1306:c008::2                       89.3%  1000   29.3  29.2  28.4  31.9   0.6
  6. ce-0-4-0-0.r03.frnkge03.de.ce.gin.ntt.net  0.0%  1000   34.8  34.1  33.3  74.0   2.5
  7. core4.hetzner.de                           0.0%  1000   34.0  34.1  33.6  77.5   1.9
  8. core21.hetzner.de                          0.0%  1000   35.8  36.2  35.2  69.0   2.7
  9. juniper3.rz10.hetzner.de                   0.0%  1000   35.8  36.8  35.6  75.1   3.5
 10. hos-tr1.ms-ex3k2.rz13.hetzner.de           0.0%  1000   37.4  37.5  36.4  64.0   1.9
 11. ???                                       100.0  1000    0.0   0.0   0.0   0.0   0.0
 12. h2t.preissler.me                           0.0%  1000   36.2  36.7  35.5  97.1   3.1
