HOST: alix                                      Loss%   Snt   Last   Avg  Best  Wrst StDev
  1. fritz.box                                  0.0%  1000    0.7   0.7   0.7   1.3   0.1
  2. 2003:0:1801:c201::1                        0.0%  1000   21.9  22.6  20.7  66.6   4.3
  3. 2003:0:1801:c218::2                        0.0%  1000   26.3  26.0  22.2  71.4   4.6
  4. 2003:0:1306:c000::1                        0.0%  1000   28.5  32.0  27.7 105.3   9.4
  5. 2003:0:1306:c008::2                       88.8%  1000   28.9  31.0  28.4  77.7   6.3
  6. ce-0-4-0-0.r03.frnkge03.de.ce.gin.ntt.net  0.0%  1000   34.2  35.8  33.3  90.9   5.4
  7. core4.hetzner.de                           0.0%  1000   34.3  35.6  33.6  86.9   5.1
  8. core21.hetzner.de                          0.0%  1000   36.1  37.4  35.2  87.8   5.2
  9. juniper3.rz10.hetzner.de                   0.0%  1000   37.5  38.6  35.7  88.9   5.7
 10. hos-tr1.ms-ex3k2.rz13.hetzner.de           0.0%  1000   38.3  39.5  36.2  96.4   5.3
 11. ???                                       100.0  1000    0.0   0.0   0.0   0.0   0.0
 12. h2t.preissler.me                           0.0%  1000   37.3  38.2  35.5  96.0   4.9
