HOST: alix                                      Loss%   Snt   Last   Avg  Best  Wrst StDev
  1. fritz.box                                  0.0%  1000    0.8   0.7   0.7   2.7   0.1
  2. 2003:0:1801:c201::1                        0.0%  1000   21.6  21.2  20.7  30.7   0.5
  3. 2003:0:1803:8318::2                        0.0%  1000   24.4  24.6  22.0  32.6   1.3
  4. 2003:0:1306:c000::1                        0.0%  1000   28.4  31.1  27.6 100.1   9.4
  5. 2003:0:1306:c008::2                       90.0%  1000   29.2  29.1  28.4  30.8   0.4
  6. ce-0-4-0-0.r03.frnkge03.de.ce.gin.ntt.net  0.0%  1000   33.9  34.1  33.3  57.0   1.7
  7. core4.hetzner.de                           0.0%  1000   34.5  34.0  33.6  43.1   0.5
  8. core21.hetzner.de                          0.0%  1000   36.1  35.8  35.2  57.0   1.7
  9. juniper3.rz10.hetzner.de                   0.0%  1000   36.6  41.2  35.7  97.7   4.7
 10. hos-tr1.ms-ex3k2.rz13.hetzner.de           0.0%  1000   43.1  47.3  36.6  65.8   5.7
 11. ???                                       100.0  1000    0.0   0.0   0.0   0.0   0.0
 12. h2t.preissler.me                           0.0%  1000   46.9  45.6  37.0  61.4   4.6
