HOST: alix                                      Loss%   Snt   Last   Avg  Best  Wrst StDev
  1. fritz.box                                  0.0%  1000    0.8   0.7   0.7   2.3   0.1
  2. 2003:0:1801:c201::1                        0.0%  1000   21.6  21.2  20.7  24.7   0.3
  3. 2003:0:1803:8318::2                        0.0%  1000   23.5  24.6  22.1  58.2   1.6
  4. 2003:0:1306:c000::1                        0.0%  1000   28.5  31.7  27.6  93.2  10.3
  5. 2003:0:1306:c008::2                       87.1%  1000   28.9  29.3  28.5  38.5   1.0
  6. ce-0-4-0-0.r03.frnkge03.de.ce.gin.ntt.net  0.0%  1000   34.4  34.1  33.3  54.1   1.6
  7. core4.hetzner.de                           0.0%  1000   34.6  34.0  33.6  43.7   0.7
  8. core21.hetzner.de                          0.0%  1000   36.1  36.0  35.2  57.3   2.2
  9. juniper3.rz10.hetzner.de                   0.0%  1000   36.2  36.7  35.6  67.9   3.6
 10. hos-tr1.ms-ex3k2.rz13.hetzner.de           0.0%  1000   36.9  37.0  36.3  47.8   0.9
 11. ???                                       100.0  1000    0.0   0.0   0.0   0.0   0.0
 12. h2t.preissler.me                           0.0%  1000   36.8  36.1  35.6  40.0   0.4
