HOST: alix                                      Loss%   Snt   Last   Avg  Best  Wrst StDev
  1. fritz.box                                  0.0%  1000    0.8   0.7   0.7   1.1   0.1
  2. 2003:0:1801:c201::1                        0.0%  1000   21.1  21.2  20.7  24.1   0.4
  3. 2003:0:1801:c218::2                        0.0%  1000   26.5  24.7  22.3  53.6   1.7
  4. 2003:0:1306:c000::1                        0.0%  1000   28.5  31.2  27.6 112.9   9.8
  5. 2003:0:1306:c008::2                       92.7%  1000   28.6  29.2  28.5  31.3   0.5
  6. ce-0-4-0-0.r03.frnkge03.de.ce.gin.ntt.net  0.0%  1000   33.9  34.1  33.4  54.5   1.6
  7. core4.hetzner.de                           0.0%  1000   34.1  34.0  33.6  46.9   0.7
  8. core21.hetzner.de                          0.0%  1000   35.7  36.0  35.2  58.0   2.4
  9. juniper3.rz10.hetzner.de                   0.0%  1000   38.6  39.9  35.7  98.5   5.3
 10. hos-tr1.ms-ex3k2.rz13.hetzner.de           0.0%  1000   41.2  42.5  36.5  56.2   3.3
 11. ???                                       100.0  1000    0.0   0.0   0.0   0.0   0.0
 12. h2t.preissler.me                           0.0%  1000   41.1  42.0  36.4  56.2   3.3
