HOST: alix                                      Loss%   Snt   Last   Avg  Best  Wrst StDev
  1. fritz.box                                  0.0%  1000    0.7   0.7   0.7   1.3   0.1
  2. 2003:0:1801:c201::1                        0.0%  1000   21.4  21.2  20.8  23.9   0.4
  3. 2003:0:1801:c218::2                        0.0%  1000   22.4  24.6  22.1  40.1   1.5
  4. 2003:0:1306:c000::1                        0.0%  1000   29.7  30.6  27.8  96.6   8.7
  5. 2003:0:1306:c008::2                       85.8%  1000   29.1  29.1  28.3  31.1   0.4
  6. ce-0-4-0-0.r03.frnkge03.de.ce.gin.ntt.net  0.0%  1000   33.8  34.1  33.4  57.2   2.0
  7. core4.hetzner.de                           0.0%  1000   34.1  34.0  33.5  42.7   0.8
  8. core21.hetzner.de                          0.0%  1000   35.2  36.0  35.2  58.9   2.3
  9. juniper3.rz10.hetzner.de                   0.0%  1000   38.7  43.3  36.0  79.5   5.4
 10. hos-tr1.ms-ex3k2.rz13.hetzner.de           0.0%  1000   41.3  49.8  36.7  81.1   8.0
 11. ???                                       100.0  1000    0.0   0.0   0.0   0.0   0.0
 12. h2t.preissler.me                           0.0%  1000   39.1  48.9  35.8  82.5  10.4
