HOST: alix                                      Loss%   Snt   Last   Avg  Best  Wrst StDev
  1. fritz.box                                  0.0%  1000    0.7   0.7   0.7   3.1   0.2
  2. 2003:0:1801:c201::1                        0.0%  1000   21.1  21.2  20.7  34.5   0.8
  3. 2003:0:1803:8318::2                        0.0%  1000   23.5  24.7  22.3  56.9   1.9
  4. 2003:0:1306:c000::1                        0.0%  1000   28.8  30.7  27.6  93.6   8.6
  5. 2003:0:1306:c008::2                       90.5%  1000   28.8  29.1  28.5  30.6   0.4
  6. ce-0-4-0-0.r03.frnkge03.de.ce.gin.ntt.net  0.0%  1000   34.0  34.2  33.3  57.6   2.1
  7. core4.hetzner.de                           0.0%  1000   34.0  34.2  33.6  80.1   2.3
  8. core21.hetzner.de                          0.0%  1000   35.8  36.0  35.2  88.8   2.6
  9. juniper3.rz10.hetzner.de                   0.0%  1000   44.6  39.8  36.1  94.2   3.9
 10. hos-tr1.ms-ex3k2.rz13.hetzner.de           0.0%  1000   39.2  41.8  36.9  74.0   3.4
 11. ???                                       100.0  1000    0.0   0.0   0.0   0.0   0.0
 12. h2t.preissler.me                           0.0%  1000   37.2  40.0  35.6  73.6   3.1
