HOST: alix                                      Loss%   Snt   Last   Avg  Best  Wrst StDev
  1. fritz.box                                  0.0%  1000    0.8   0.7   0.7   1.9   0.1
  2. 2003:0:1801:c201::1                        0.0%  1000   21.5  21.2  20.7  32.6   0.7
  3. 2003:0:1803:8318::2                        0.0%  1000   53.1  24.6  22.3  53.1   1.8
  4. 2003:0:1306:c000::1                        0.1%  1000   28.5  30.9  27.7  96.7   9.5
  5. 2003:0:1306:c008::2                       89.7%  1000   29.3  29.2  28.5  31.1   0.6
  6. ce-0-4-0-0.r03.frnkge03.de.ce.gin.ntt.net  0.0%  1000   33.6  34.3  33.4  93.9   3.3
  7. core4.hetzner.de                           0.0%  1000   33.8  34.0  33.6  48.6   0.9
  8. core21.hetzner.de                          0.0%  1000   35.8  35.9  35.2  58.3   2.0
  9. juniper3.rz10.hetzner.de                   0.0%  1000   36.7  37.2  35.5  86.8   4.4
 10. hos-tr1.ms-ex3k2.rz13.hetzner.de           0.0%  1000   37.1  37.0  36.2  84.8   1.9
 11. ???                                       100.0  1000    0.0   0.0   0.0   0.0   0.0
 12. h2t.preissler.me                           0.0%  1000   35.8  36.1  35.5  67.4   1.2
