HOST: alix                                      Loss%   Snt   Last   Avg  Best  Wrst StDev
  1. fritz.box                                  0.0%  1000    0.8   0.7   0.7   1.2   0.1
  2. 2003:0:1801:c201::1                        0.0%  1000   21.4  21.2  20.7  26.9   0.4
  3. 2003:0:1803:8318::2                        0.0%  1000   25.2  24.6  22.2  42.6   1.6
  4. 2003:0:1306:c000::1                        0.0%  1000   28.7  30.4  27.7  93.1   8.3
  5. 2003:0:1306:c008::2                       79.3%  1000   29.2  30.7  28.3  48.2   2.9
  6. ce-0-4-0-0.r03.frnkge03.de.ce.gin.ntt.net  0.0%  1000   53.0  36.5  33.5  63.6   4.1
  7. core4.hetzner.de                           0.0%  1000   48.8  36.5  33.6  61.6   3.8
  8. core21.hetzner.de                          0.0%  1000   50.1  38.4  35.2  63.5   4.3
  9. juniper3.rz10.hetzner.de                   0.0%  1000   51.2  39.0  35.6  75.9   5.3
 10. hos-tr1.ms-ex3k2.rz13.hetzner.de           0.0%  1000   52.9  39.3  36.4  64.2   3.7
 11. ???                                       100.0  1000    0.0   0.0   0.0   0.0   0.0
 12. h2t.preissler.me                           0.0%  1000   47.9  38.3  35.6  61.4   3.6
