HOST: alix                                      Loss%   Snt   Last   Avg  Best  Wrst StDev
  1. fritz.box                                  0.0%  1000    1.0   0.7   0.7   3.2   0.1
  2. 2003:0:1801:c201::1                        0.0%  1000   20.8  21.2  20.7  28.1   0.5
  3. 2003:0:1803:8318::2                        0.0%  1000   26.5  24.6  22.3  38.8   1.4
  4. 2003:0:1306:c000::1                        0.0%  1000   28.5  31.0  27.8  89.8   9.1
  5. 2003:0:1306:c008::2                       91.4%  1000   28.8  29.2  28.3  31.8   0.6
  6. ce-0-4-0-0.r03.frnkge03.de.ce.gin.ntt.net  0.0%  1000   35.7  34.1  33.4  56.4   1.8
  7. core4.hetzner.de                           0.0%  1000   34.5  34.1  33.5  42.7   0.6
  8. core21.hetzner.de                          0.0%  1000   56.2  35.9  35.2  58.1   2.2
  9. juniper3.rz10.hetzner.de                   0.0%  1000   36.1  36.9  35.5  68.4   3.6
 10. hos-tr1.ms-ex3k2.rz13.hetzner.de           0.0%  1000   37.2  37.4  36.0  45.2   1.0
 11. ???                                       100.0  1000    0.0   0.0   0.0   0.0   0.0
 12. h2t.preissler.me                           0.0%  1000   36.2  36.4  35.6  41.2   0.7
