HOST: alix                                      Loss%   Snt   Last   Avg  Best  Wrst StDev
  1. fritz.box                                  0.0%  1000    0.7   0.7   0.7   1.3   0.1
  2. 2003:0:1801:c201::1                        0.0%  1000   21.2  21.2  20.7  32.7   0.5
  3. 2003:0:1801:c218::2                        0.0%  1000   26.4  24.6  22.2  41.0   1.5
  4. 2003:0:1306:c000::1                        0.0%  1000   27.9  30.8  27.8 115.7   9.1
  5. 2003:0:1306:c008::2                       90.2%  1000   29.0  29.2  28.4  31.2   0.5
  6. ce-0-4-0-0.r03.frnkge03.de.ce.gin.ntt.net  0.0%  1000   34.4  34.1  33.4  57.3   2.1
  7. core4.hetzner.de                           0.0%  1000   34.2  34.1  33.6  43.0   0.7
  8. core21.hetzner.de                          0.0%  1000   35.7  35.9  35.2  56.3   1.6
  9. juniper3.rz10.hetzner.de                   0.0%  1000   35.8  36.7  35.6  67.1   3.4
 10. hos-tr1.ms-ex3k2.rz13.hetzner.de           0.0%  1000   36.9  37.0  35.9  44.3   0.8
 11. ???                                       100.0  1000    0.0   0.0   0.0   0.0   0.0
 12. h2t.preissler.me                           0.0%  1000   36.2  36.1  35.5  52.8   0.7
