HOST: alix                             Loss%   Snt   Last   Avg  Best  Wrst StDev
  1. fritz.box                         0.0%  1000    0.8   0.7   0.7  15.3   0.5
  2. 2003:0:1801:c201::1               0.0%  1000   21.5  21.3  20.7  27.3   0.4
  3. 2003:0:1801:c218::2               0.0%  1000   25.4  24.8  22.4  39.7   1.5
  4. ???                              100.0  1000    0.0   0.0   0.0   0.0   0.0
  5. 2003:3c0:1600:2::2                0.7%  1000  112.5 127.7 112.0 210.0  10.1
  6. 2610:18::5102                     0.6%  1000  125.7 138.4 122.5 156.1   8.1
  7. cir1.nyc-ny.us.xo.net             0.6%  1000  132.1 141.1 126.2 167.2   8.5
  8. 2610:18:10c:9001::2               1.2%  1000  124.8 135.8 118.6 183.8   9.4
  9. r1lon2.core.init7.net             1.1%  1000  193.1 212.3 192.3 258.4  12.5
 10. r1lon1.core.init7.net             0.9%  1000  193.8 210.5 193.2 232.4   9.1
 11. r1nue1.core.init7.net             0.5%  1000  214.5 218.4 202.8 241.7   8.6
 12. gw-hetzner.init7.net              0.4%  1000  151.6 141.0 121.1 218.8  10.2
 13. core11.hetzner.de                 0.9%  1000  139.9 138.7 122.5 155.9   3.4
 14. core21.hetzner.de                 0.2%  1000  143.5 141.6 123.0 163.8   3.6
 15. juniper3.rz10.hetzner.de          0.4%  1000  144.1 142.3 122.7 168.1   3.9
 16. hos-tr1.ms-ex3k2.rz13.hetzner.de  0.7%  1000  144.8 143.4 122.5 153.1   3.2
 17. ???                              100.0  1000    0.0   0.0   0.0   0.0   0.0
 18. h2t.preissler.me                  0.5%  1000  143.5 141.8 121.8 153.3   3.3
