HOST: alix                                      Loss%   Snt   Last   Avg  Best  Wrst StDev
  1. fritz.box                                  0.0%  1000    0.9   0.7   0.7   1.4   0.1
  2. 2003:0:1801:c201::1                        0.0%  1000   21.8  21.3  20.7  24.0   0.5
  3. 2003:0:1801:c218::2                        0.0%  1000   23.2  24.6  22.3  33.8   1.4
  4. 2003:0:1306:c000::1                        0.0%  1000   28.5  30.5  27.7  92.7   8.4
  5. 2003:0:1306:c008::2                       88.2%  1000   69.2  55.5  28.5  93.1  20.6
  6. ce-0-4-0-0.r03.frnkge03.de.ce.gin.ntt.net  1.6%  1000   96.0  66.6  55.2 125.8  18.2
  7. core4.hetzner.de                           1.3%  1000   93.8  66.3  55.0 121.4  18.1
  8. core21.hetzner.de                          1.2%  1000   96.1  68.1  56.6 123.6  18.1
  9. juniper3.rz10.hetzner.de                   0.6%  1000   94.0  68.8  55.8 139.2  18.3
 10. hos-tr1.ms-ex3k2.rz13.hetzner.de           1.8%  1000   95.3  69.2  57.6 127.0  18.0
 11. ???                                       100.0  1000    0.0   0.0   0.0   0.0   0.0
 12. h2t.preissler.me                           1.2%  1000   97.9  68.2  57.0 130.6  18.1
