HOST: alix                                      Loss%   Snt   Last   Avg  Best  Wrst StDev
  1. fritz.box                                  0.0%  1000    0.7   0.7   0.7   1.1   0.1
  2. 2003:0:1801:c201::1                        0.0%  1000   21.8  21.2  20.7  23.8   0.3
  3. 2003:0:1803:8318::2                        0.0%  1000   26.7  24.7  22.2  48.7   1.7
  4. 2003:0:1306:c000::1                        0.0%  1000   28.4  30.9  27.6  99.5   9.5
  5. 2003:0:1306:c008::2                       80.1%  1000   33.6  39.6  28.8  71.4  10.6
  6. ce-0-4-0-0.r03.frnkge03.de.ce.gin.ntt.net  0.6%  1000   56.1  57.8  49.6  82.8   3.6
  7. core4.hetzner.de                           1.2%  1000   61.9  57.6  49.9  75.8   3.0
  8. core21.hetzner.de                          1.1%  1000   64.5  59.4  52.4  86.0   3.8
  9. juniper3.rz10.hetzner.de                   1.0%  1000   71.7  60.4  53.6  95.2   4.7
 10. hos-tr1.ms-ex3k2.rz13.hetzner.de           1.4%  1000   67.7  60.9  52.9  83.6   3.1
 11. ???                                       100.0  1000    0.0   0.0   0.0   0.0   0.0
 12. h2t.preissler.me                           0.4%  1000   61.3  59.2  52.3  76.5   3.0
