HOST: alix                                      Loss%   Snt   Last   Avg  Best  Wrst StDev
  1. fritz.box                                  0.0%  1000    0.7   0.7   0.7   1.2   0.1
  2. 2003:0:1801:c201::1                        0.0%  1000   21.4  21.3  20.7  24.9   0.4
  3. 2003:0:1801:c218::2                        0.0%  1000   23.0  24.5  22.3  42.7   1.4
  4. 2003:0:1306:c000::1                        0.0%  1000   28.5  30.5  27.6 111.3   8.2
  5. 2003:0:1306:c008::2                       90.3%  1000   56.7  55.5  50.1  58.1   1.8
  6. ce-0-4-0-0.r03.frnkge03.de.ce.gin.ntt.net  0.0%  1000   33.9  34.1  33.3  56.1   1.8
  7. core4.hetzner.de                           0.0%  1000   34.4  34.0  33.5  41.8   0.6
  8. core21.hetzner.de                          0.0%  1000   36.8  35.9  35.2  57.8   1.9
  9. juniper3.rz10.hetzner.de                   0.0%  1000   36.5  36.7  35.7  64.5   3.5
 10. hos-tr1.ms-ex3k2.rz13.hetzner.de           0.0%  1000   40.1  37.1  36.3  48.8   1.1
 11. ???                                       100.0  1000    0.0   0.0   0.0   0.0   0.0
 12. h2t.preissler.me                           0.0%  1000   36.0  36.1  35.5  40.0   0.4
