HOST: alix                                      Loss%   Snt   Last   Avg  Best  Wrst StDev
  1. fritz.box                                  0.0%  1000    0.8   0.7   0.7   1.0   0.1
  2. 2003:0:1801:c201::1                        0.0%  1000   20.9  21.2  20.8  23.9   0.4
  3. 2003:0:1803:8318::2                        0.0%  1000   26.3  24.5  22.3  33.4   1.3
  4. 2003:0:1306:c000::1                        0.0%  1000   28.4  30.8  27.6  92.9   9.2
  5. 2003:0:1306:c008::2                       89.2%  1000   30.1  29.2  28.6  31.8   0.5
  6. ce-0-4-0-0.r03.frnkge03.de.ce.gin.ntt.net  0.0%  1000   33.7  34.1  33.4  52.9   1.7
  7. core4.hetzner.de                           0.0%  1000   34.1  34.3  33.5  58.8   2.1
  8. core21.hetzner.de                          0.0%  1000   35.9  35.7  35.2  49.0   0.8
  9. juniper3.rz10.hetzner.de                   0.0%  1000   46.6  39.5  35.9  71.8   3.7
 10. hos-tr1.ms-ex3k2.rz13.hetzner.de           0.0%  1000   49.7  44.0  37.1  66.3   4.4
 11. ???                                       100.0  1000    0.0   0.0   0.0   0.0   0.0
 12. h2t.preissler.me                           0.4%  1000   50.2  43.7  35.7  58.3   3.6
