HOST: alix                             Loss%   Snt   Last   Avg  Best  Wrst StDev
  1. fritz.box                         0.0%  1000    0.8   0.7   0.7   3.1   0.1
  2. 2003:0:1801:c201::1               0.0%  1000   21.4  21.5  20.8  79.3   3.0
  3. 2003:0:1803:8318::2               0.0%  1000   25.1  25.0  22.1  73.2   3.2
  4. 2003:0:1308:4000::1               0.0%  1000   27.9  28.2  27.1  73.1   3.8
  5. 2003:0:1308:4007::2               0.0%  1000   46.2  30.6  27.3  73.5   5.5
  6. xe-3-1-0.fra28.ip6.gtt.net        0.0%  1000   43.2  30.5  27.6  74.8   5.5
  7. hetzner-online-gw.ip4.gtt.net     0.7%  1000   48.6  36.8  33.8 106.6   5.8
  8. core1.hetzner.de                  0.4%  1000   45.1  35.9  32.9  90.1   5.6
  9. core21.hetzner.de                 0.0%  1000   58.5  38.0  35.0  81.5   5.5
 10. juniper3.rz10.hetzner.de          0.0%  1000   46.4  38.3  35.3  72.2   5.5
 11. hos-tr3.ms-ex3k2.rz13.hetzner.de  0.0%  1000   48.7  39.6  36.7 103.3   5.1
 12. ???                              100.0  1000    0.0   0.0   0.0   0.0   0.0
 13. h2t.preissler.me                  0.0%  1000   47.6  37.7  34.8 103.8   5.3
