HOST: alix                                      Loss%   Snt   Last   Avg  Best  Wrst StDev
  1. fritz.box                                  0.0%  1000    0.8   0.7   0.7   1.5   0.1
  2. 2003:0:1801:c201::1                        0.0%  1000   21.6  21.4  20.8  39.3   0.7
  3. 2003:0:1803:8318::2                        0.0%  1000   25.2  24.6  22.1  42.2   1.5
  4. 2003:0:1306:c000::1                        0.0%  1000   62.1  31.0  27.6  93.0   9.1
  5. 2003:0:1306:c008::2                       92.1%  1000   29.4  32.9  28.6  56.5   6.3
  6. ce-0-4-0-0.r03.frnkge03.de.ce.gin.ntt.net  0.3%  1000   56.1  56.4  52.9  77.7   1.9
  7. core4.hetzner.de                           0.9%  1000   56.9  56.2  52.8  97.4   1.7
  8. core21.hetzner.de                          0.7%  1000   59.0  58.3  55.3  82.3   2.7
  9. juniper3.rz10.hetzner.de                   0.7%  1000   57.8  58.7  55.3  90.2   3.0
 10. hos-tr1.ms-ex3k2.rz13.hetzner.de           0.9%  1000   58.9  59.4  54.4  78.3   1.4
 11. ???                                       100.0  1000    0.0   0.0   0.0   0.0   0.0
 12. h2t.preissler.me                           1.0%  1000   58.5  58.4  54.2  62.9   0.9
