HOST: alix                                      Loss%   Snt   Last   Avg  Best  Wrst StDev
  1. fritz.box                                  0.0%  1000    0.9   0.7   0.7   5.0   0.2
  2. 2003:0:1801:c201::1                        0.0%  1000   21.0  21.2  20.7  23.8   0.3
  3. 2003:0:1803:8318::2                        0.0%  1000   25.4  24.5  21.8  41.1   1.4
  4. 2003:0:1306:c000::1                        0.0%  1000   28.6  30.6  27.7  95.8   8.2
  5. 2003:0:1306:c008::2                       81.5%  1000   29.5  29.2  28.6  32.2   0.6
  6. ce-0-4-0-0.r03.frnkge03.de.ce.gin.ntt.net  0.1%  1000   52.8  53.6  34.2  78.7   4.4
  7. core4.hetzner.de                           0.3%  1000   51.8  53.6  33.8  64.9   4.0
  8. core21.hetzner.de                          0.4%  1000   53.7  55.8  35.9  80.1   4.7
  9. juniper3.rz10.hetzner.de                   0.2%  1000   51.7  56.4  36.0  90.5   5.4
 10. hos-tr1.ms-ex3k2.rz13.hetzner.de           0.6%  1000   54.0  56.8  37.3  66.2   4.1
 11. ???                                       100.0  1000    0.0   0.0   0.0   0.0   0.0
 12. h2t.preissler.me                           0.4%  1000   51.9  55.8  35.9  61.5   4.0
