HOST: alix                                      Loss%   Snt   Last   Avg  Best  Wrst StDev
  1. fritz.box                                  0.0%  1000    0.8   0.7   0.7   1.4   0.1
  2. 2003:0:1801:c201::1                        0.0%  1000   21.4  21.2  20.7  23.8   0.3
  3. 2003:0:1803:8318::2                        0.0%  1000   22.8  24.4  22.1  42.0   1.4
  4. 2003:0:1306:c000::1                        0.0%  1000   28.3  31.0  27.8 111.6   9.9
  5. 2003:0:1306:c008::2                       74.7%  1000   29.3  36.0  28.5  62.5   9.3
  6. ce-0-4-0-0.r03.frnkge03.de.ce.gin.ntt.net  0.0%  1000   35.3  41.5  33.7  79.4   9.3
  7. core4.hetzner.de                           0.0%  1000   38.8  41.3  33.6  87.6   9.2
  8. core21.hetzner.de                          0.0%  1000   44.7  43.3  35.2  82.4   9.4
  9. juniper3.rz10.hetzner.de                   0.1%  1000   36.1  43.7  35.8  86.7   9.8
 10. hos-tr1.ms-ex3k2.rz13.hetzner.de           0.0%  1000   38.0  44.0  36.4  86.6   9.0
 11. ???                                       100.0  1000    0.0   0.0   0.0   0.0   0.0
 12. h2t.preissler.me                           0.0%  1000   43.1  43.3  35.7  85.3   9.1
