HOST: alix                                      Loss%   Snt   Last   Avg  Best  Wrst StDev
  1. fritz.box                                  0.0%  1000    0.8   0.7   0.7   1.2   0.1
  2. 2003:0:1801:c201::1                        0.0%  1000   21.3  21.2  20.7  23.9   0.3
  3. 2003:0:1803:8318::2                        1.2%  1000   24.9  24.5  22.2  32.8   1.3
  4. 2003:0:1306:c000::1                        0.0%  1000   28.4  31.2  27.7 100.8  10.0
  5. 2003:0:1306:c008::2                       86.3%  1000   30.2  29.2  28.3  31.1   0.6
  6. ce-0-4-0-0.r03.frnkge03.de.ce.gin.ntt.net  0.0%  1000   33.9  34.1  33.3  55.6   1.9
  7. core4.hetzner.de                           0.0%  1000   34.3  34.0  33.5  42.2   0.5
  8. core21.hetzner.de                          0.0%  1000   35.8  35.9  35.2  59.1   1.8
  9. juniper3.rz10.hetzner.de                   0.0%  1000   36.5  36.8  35.6  69.2   3.2
 10. hos-tr1.ms-ex3k2.rz13.hetzner.de           0.0%  1000   37.0  37.5  36.3  51.1   1.3
 11. ???                                       100.0  1000    0.0   0.0   0.0   0.0   0.0
 12. h2t.preissler.me                           0.0%  1000   37.2  36.4  35.6  40.7   0.6
