HOST: alix                                      Loss%   Snt   Last   Avg  Best  Wrst StDev
  1. fritz.box                                  0.0%  1000    0.8   0.7   0.7   1.3   0.1
  2. 2003:0:1801:c201::1                        0.0%  1000   21.3  21.2  20.7  53.2   1.1
  3. 2003:0:1801:c218::2                        0.0%  1000   22.6  24.7  22.3  59.3   2.1
  4. 2003:0:1306:c000::1                        0.0%  1000   28.5  30.6  27.7  93.9   8.1
  5. 2003:0:1306:c008::2                       92.6%  1000   28.7  29.2  28.6  32.3   0.6
  6. ce-0-4-0-0.r03.frnkge03.de.ce.gin.ntt.net  0.0%  1000   33.7  34.2  33.3  62.7   2.3
  7. core4.hetzner.de                           0.0%  1000   34.4  34.1  33.6  60.9   1.2
  8. core21.hetzner.de                          0.0%  1000   35.6  35.8  35.2  68.2   1.9
  9. juniper3.rz10.hetzner.de                   0.0%  1000   36.5  36.6  35.6  74.1   3.3
 10. hos-tr1.ms-ex3k2.rz13.hetzner.de           0.0%  1000   37.0  37.1  36.2  64.9   1.2
 11. ???                                       100.0  1000    0.0   0.0   0.0   0.0   0.0
 12. h2t.preissler.me                           0.0%  1000   36.6  36.2  35.5  80.2   1.8
