HOST: alix                                      Loss%   Snt   Last   Avg  Best  Wrst StDev
  1. fritz.box                                  0.0%  1000    0.8   0.7   0.7   1.1   0.1
  2. 2003:0:1801:c201::1                        0.0%  1000   21.5  21.2  20.7  24.7   0.4
  3. 2003:0:1803:8318::2                        0.0%  1000   24.3  24.5  22.3  41.5   1.4
  4. 2003:0:1306:c000::1                        0.0%  1000   28.7  30.7  27.6  94.5   8.9
  5. 2003:0:1306:c008::2                       88.9%  1000   29.1  29.2  28.5  31.3   0.5
  6. ce-0-4-0-0.r03.frnkge03.de.ce.gin.ntt.net  0.0%  1000   34.3  34.4  33.3  67.4   3.0
  7. core4.hetzner.de                           0.0%  1000   34.0  34.0  33.6  42.4   0.6
  8. core21.hetzner.de                          0.0%  1000   36.0  35.9  35.1  57.3   2.2
  9. juniper3.rz10.hetzner.de                   0.0%  1000   37.1  37.1  35.7  68.1   3.2
 10. hos-tr1.ms-ex3k2.rz13.hetzner.de           0.0%  1000   37.9  38.2  36.4  51.1   1.6
 11. ???                                       100.0  1000    0.0   0.0   0.0   0.0   0.0
 12. h2t.preissler.me                           0.0%  1000   36.7  37.8  35.7  44.5   1.6
