HOST: alix                                      Loss%   Snt   Last   Avg  Best  Wrst StDev
  1. fritz.box                                  0.0%  1000    0.7   0.7   0.7   4.8   0.2
  2. 2003:0:1801:c201::1                        0.0%  1000   21.5  21.7  20.7  32.3   2.0
  3. 2003:0:1801:c218::2                        0.8%  1000   26.4  25.1  22.0  40.8   2.7
  4. 2003:0:1306:c000::1                        0.0%  1000   28.6  31.6  27.7 119.7  10.2
  5. 2003:0:1306:c008::2                       92.6%  1000   29.4  30.2  28.5  39.8   2.7
  6. ce-0-4-0-0.r03.frnkge03.de.ce.gin.ntt.net  0.0%  1000   37.5  39.4  33.6  65.2   5.8
  7. core4.hetzner.de                           0.0%  1000   36.2  39.2  33.6  61.5   5.5
  8. core21.hetzner.de                          0.0%  1000   38.3  40.9  35.4  64.4   5.8
  9. juniper3.rz10.hetzner.de                   0.0%  1000   37.2  41.6  35.7  71.9   6.2
 10. hos-tr1.ms-ex3k2.rz13.hetzner.de           0.0%  1000   37.1  42.0  36.3  63.3   5.5
 11. ???                                       100.0  1000    0.0   0.0   0.0   0.0   0.0
 12. h2t.preissler.me                           0.0%  1000   37.7  41.0  35.6  62.4   5.6
