HOST: alix                             Loss%   Snt   Last   Avg  Best  Wrst StDev
  1. fritz.box                         0.0%  1000    0.8   0.7   0.7   1.4   0.1
  2. 2003:0:1801:c201::1               0.0%  1000   21.5  21.3  20.7  23.7   0.5
  3. 2003:0:1803:8318::2               0.0%  1000   25.8  24.7  22.0  39.5   1.4
  4. 2003:0:1308:4000::1               0.0%  1000   28.2  28.4  27.1  82.5   5.0
  5. 2003:0:1308:4007::2               0.0%  1000   28.1  28.3  27.1  73.7   3.5
  6. xe-2-1-0.fra28.ip6.gtt.net        0.0%  1000   27.8  28.0  27.1  64.6   2.3
  7. hetzner-online-gw.ip4.gtt.net     1.2%  1000   52.6  54.1  42.2  79.8   4.0
  8. core1.hetzner.de                  0.4%  1000   51.4  53.0  40.5  73.4   3.1
  9. core21.hetzner.de                 0.1%  1000   52.4  55.6  44.7  80.6   3.7
 10. juniper3.rz10.hetzner.de          0.1%  1000   54.8  56.1  43.8  87.2   4.0
 11. hos-tr1.ms-ex3k2.rz13.hetzner.de  0.4%  1000   57.6  56.6  45.0  67.6   2.8
 12. ???                              100.0  1000    0.0   0.0   0.0   0.0   0.0
 13. h2t.preissler.me                  0.0%  1000   57.3  54.8  46.2  59.9   2.7
