HOST: alix                             Loss%   Snt   Last   Avg  Best  Wrst StDev
  1. fritz.box                         0.0%  1000    0.7   0.7   0.7   3.0   0.2
  2. 2003:0:1801:c201::1               0.0%  1000   21.5  21.4  20.7  30.9   0.7
  3. 2003:0:1803:8318::2               0.0%  1000   24.4  24.7  22.4  41.1   1.4
  4. 2003:0:1308:4000::1               0.0%  1000   27.6  28.1  27.1  67.1   4.0
  5. 2003:0:1308:4007::2               0.4%  1000   62.7  94.8  27.7 147.6  28.1
  6. xe-2-0-0.fra28.ip6.gtt.net        0.5%  1000   64.0  94.5  27.6 132.6  27.9
  7. hetzner-online-gw.ip4.gtt.net     1.4%  1000   81.5 109.4  35.4 145.7  29.5
  8. core1.hetzner.de                  0.7%  1000   78.6 108.2  33.7 152.7  30.2
  9. core21.hetzner.de                 0.9%  1000   77.1 109.9  35.5 146.7  30.1
 10. juniper3.rz10.hetzner.de          0.3%  1000   73.7 110.8  36.4 164.7  30.5
 11. hos-tr3.ms-ex3k2.rz13.hetzner.de  0.2%  1000   75.6 112.0  37.6 152.6  30.3
 12. ???                              100.0  1000    0.0   0.0   0.0   0.0   0.0
 13. h2t.preissler.me                  0.5%  1000   70.2 110.0  35.8 147.6  30.3
