HOST: alix                                      Loss%   Snt   Last   Avg  Best  Wrst StDev
  1. fritz.box                                  0.0%  1000    0.8   0.7   0.7   3.7   0.1
  2. 2003:0:1801:c201::1                        0.0%  1000   21.5  21.2  20.7  23.8   0.4
  3. 2003:0:1803:8318::2                        0.0%  1000   22.7  24.6  22.2  30.4   1.2
  4. 2003:0:1306:c000::1                        0.0%  1000   28.7  30.7  27.5 114.0   8.7
  5. 2003:0:1306:c008::2                       89.9%  1000   29.4  29.2  28.5  31.1   0.4
  6. ce-0-4-0-0.r03.frnkge03.de.ce.gin.ntt.net  0.0%  1000   33.8  34.1  33.3  72.9   2.3
  7. core4.hetzner.de                           0.0%  1000   34.2  34.0  33.5  43.1   0.6
  8. core21.hetzner.de                          0.0%  1000   36.5  35.9  35.2  58.1   1.7
  9. juniper3.rz10.hetzner.de                   0.0%  1000   40.3  40.9  35.7  74.2   4.7
 10. hos-tr1.ms-ex3k2.rz13.hetzner.de           0.0%  1000   42.1  44.3  36.6  62.8   4.4
 11. ???                                       100.0  1000    0.0   0.0   0.0   0.0   0.0
 12. h2t.preissler.me                           0.0%  1000   56.3  47.0  36.8  66.5   5.6
