HOST: alix                             Loss%   Snt   Last   Avg  Best  Wrst StDev
  1. fritz.box                         0.0%  1000    0.9   0.7   0.7   3.1   0.1
  2. 2003:0:1801:c201::1               0.0%  1000   21.5  21.3  20.8  23.9   0.4
  3. 2003:0:1803:8318::2               0.0%  1000   25.1  24.5  22.3  50.8   1.5
  4. ???                              100.0  1000    0.0   0.0   0.0   0.0   0.0
  5. 2003:3c0:1600:2::2                0.3%  1000  114.9 124.7 112.1 207.8  11.4
  6. 2610:18::5102                     0.0%  1000  128.5 135.0 122.1 156.1   8.6
  7. cir1.nyc-ny.us.xo.net             0.3%  1000  134.3 137.4 126.1 160.7   8.6
  8. 2610:18:10c:9001::2               0.5%  1000  132.1 132.1 118.7 158.4   9.3
  9. r1lon2.core.init7.net             0.4%  1000  206.9 210.7 192.2 265.1  14.9
 10. r1lon1.core.init7.net             0.2%  1000  218.3 206.9 193.0 235.9   9.5
 11. r1nue1.core.init7.net             0.3%  1000  225.3 215.3 202.9 242.4   9.0
 12. gw-hetzner.init7.net              0.6%  1000  140.7 142.1 131.5 207.0   9.2
 13. core11.hetzner.de                 1.0%  1000  140.7 140.3 133.1 214.7   3.3
 14. core21.hetzner.de                 0.6%  1000  142.3 142.8 135.0 164.3   2.3
 15. juniper3.rz10.hetzner.de          0.2%  1000  142.3 143.6 135.8 177.7   4.2
 16. hos-tr1.ms-ex3k2.rz13.hetzner.de  0.5%  1000  142.6 144.0 136.3 154.0   1.9
 17. ???                              100.0  1000    0.0   0.0   0.0   0.0   0.0
 18. h2t.preissler.me                  0.8%  1000  142.4 142.2 135.1 151.7   1.5
