HOST: alix                             Loss%   Snt   Last   Avg  Best  Wrst StDev
  1. fritz.box                         0.0%  1000    0.8   0.7   0.7   1.8   0.1
  2. 2003:0:1801:c201::1               0.0%  1000   21.3  21.2  20.7  24.4   0.5
  3. 2003:0:1801:c218::2               0.0%  1000   24.9  24.6  21.8  32.0   1.3
  4. 2003:0:1308:4000::1               0.0%  1000   27.6  28.2  26.9  84.9   4.3
  5. 2003:0:1308:4007::2               0.0%  1000   27.8  28.3  27.3  70.0   3.1
  6. xe-3-0-0.fra28.ip6.gtt.net        0.0%  1000   27.8  28.2  27.1  63.7   3.0
  7. hetzner-online-gw.ip4.gtt.net     0.2%  1000   34.3  34.5  33.8  55.1   2.0
  8. core1.hetzner.de                  0.4%  1000   33.3  33.6  32.9  53.8   1.9
  9. core21.hetzner.de                 0.0%  1000   36.0  35.7  35.0  57.8   1.8
 10. juniper3.rz10.hetzner.de          0.0%  1000   35.8  36.5  35.2  66.9   3.2
 11. hos-tr3.ms-ex3k2.rz13.hetzner.de  0.0%  1000   37.2  37.5  36.5  45.6   0.9
 12. ???                              100.0  1000    0.0   0.0   0.0   0.0   0.0
 13. h2t.preissler.me                  0.0%  1000   35.6  35.4  34.8  37.8   0.5
