HOST: alix                                      Loss%   Snt   Last   Avg  Best  Wrst StDev
  1. fritz.box                                  0.0%  1000    0.8   0.7   0.7   1.3   0.1
  2. 2003:0:1801:c201::1                        0.0%  1000   21.4  21.2  20.7  29.2   0.6
  3. 2003:0:1801:c218::2                        0.0%  1000   26.6  24.7  22.3  33.0   1.3
  4. 2003:0:1306:c000::1                        0.0%  1000   28.3  30.5  27.6  95.1   8.3
  5. 2003:0:1306:c008::2                       84.3%  1000   29.3  29.7  28.2  63.7   3.7
  6. ce-0-4-0-0.r03.frnkge03.de.ce.gin.ntt.net  0.0%  1000   34.0  34.1  33.3  56.5   2.1
  7. core4.hetzner.de                           0.0%  1000   34.2  34.0  33.6  42.3   0.6
  8. core21.hetzner.de                          0.0%  1000   35.7  35.9  35.2  55.9   1.7
  9. juniper3.rz10.hetzner.de                   0.0%  1000   38.9  38.2  35.7  69.9   3.6
 10. hos-tr1.ms-ex3k2.rz13.hetzner.de           0.0%  1000   44.1  41.9  36.7  56.7   3.0
 11. ???                                       100.0  1000    0.0   0.0   0.0   0.0   0.0
 12. h2t.preissler.me                           0.0%  1000   41.7  41.0  35.8  50.4   2.8
