HOST: alix                                      Loss%   Snt   Last   Avg  Best  Wrst StDev
  1. fritz.box                                  0.0%  1000    0.8   0.7   0.7   1.2   0.1
  2. 2003:0:1801:c201::1                        0.0%  1000   21.4  21.1  20.7  23.8   0.4
  3. 2003:0:1801:c218::2                        0.0%  1000   27.5  24.5  22.3  40.9   1.4
  4. 2003:0:1306:c000::1                        0.0%  1000   28.1  31.1  27.6 101.1   9.7
  5. 2003:0:1306:c008::2                       84.5%  1000   29.4  29.2  28.3  32.4   0.6
  6. ce-0-4-0-0.r03.frnkge03.de.ce.gin.ntt.net  0.0%  1000   33.9  34.1  33.3  56.9   2.0
  7. core4.hetzner.de                           0.0%  1000   34.0  34.0  33.6  42.7   0.6
  8. core21.hetzner.de                          0.0%  1000   36.5  35.9  35.2  59.4   2.0
  9. juniper3.rz10.hetzner.de                   0.0%  1000   40.6  43.4  35.8  81.9   5.3
 10. hos-tr1.ms-ex3k2.rz13.hetzner.de           0.0%  1000   46.6  45.2  36.7  62.2   4.0
 11. ???                                       100.0  1000    0.0   0.0   0.0   0.0   0.0
 12. h2t.preissler.me                           0.0%  1000   45.3  43.9  36.5  57.6   3.5
