HOST: alix                                      Loss%   Snt   Last   Avg  Best  Wrst StDev
  1. fritz.box                                  0.0%  1000    1.0   0.9   0.7   5.7   0.3
  2. 2003:0:1801:c201::1                        0.0%  1000   22.3  21.6  20.9  30.6   0.5
  3. 2003:0:1801:c218::2                        0.0%  1000   23.1  25.1  22.5  44.6   1.6
  4. 2003:0:1306:c000::1                        0.0%  1000   29.2  31.1  28.1  93.6   8.5
  5. 2003:0:1306:c008::2                       89.1%  1000   29.3  29.9  28.6  33.5   0.8
  6. ce-0-4-0-0.r03.frnkge03.de.ce.gin.ntt.net  0.0%  1000   34.6  34.9  33.5  58.6   2.8
  7. core4.hetzner.de                           0.0%  1000   34.3  34.6  33.7  43.6   0.9
  8. core21.hetzner.de                          0.0%  1000   35.6  36.4  35.3  60.9   2.0
  9. juniper3.rz10.hetzner.de                   0.0%  1000   69.9  37.4  35.9  70.8   3.4
 10. hos-tr1.ms-ex3k2.rz13.hetzner.de           0.0%  1000   37.6  37.8  36.7  47.5   0.7
 11. ???                                       100.0  1000    0.0   0.0   0.0   0.0   0.0
 12. h2t.preissler.me                           0.0%  1000   35.8  36.0  35.2  39.8   0.4
