HOST: alix                             Loss%   Snt   Last   Avg  Best  Wrst StDev
  1. fritz.box                         0.0%  1000    0.7   0.7   0.6   2.2   0.1
  2. 2003:0:1801:c201::1               0.0%  1000   21.4  21.6  20.7  62.5   2.5
  3. 2003:0:1803:8318::2               0.2%  1000   24.6  24.8  22.3  63.4   2.7
  4. 2003:0:1308:4000::1               0.0%  1000   29.6  28.3  26.9  77.6   4.3
  5. 2003:0:1308:4007::2               0.0%  1000   28.3  29.0  27.4  79.8   5.0
  6. 2001:668:0:2:141:136:105:149      0.0%  1000   28.0  29.6  27.1  83.8   6.0
  7. hetzner-online-gw.ip4.gtt.net     0.7%  1000   41.4  36.6  33.8 106.3   5.8
  8. core1.hetzner.de                  0.3%  1000   40.4  35.7  32.9 103.5   5.7
  9. core21.hetzner.de                 0.0%  1000   41.1  37.8  35.0 107.7   5.8
 10. juniper3.rz10.hetzner.de          0.0%  1000   39.7  38.4  35.4 118.2   6.2
 11. hos-tr3.ms-ex3k2.rz13.hetzner.de  0.0%  1000   40.7  39.5  36.6  82.7   4.4
 12. ???                              100.0  1000    0.0   0.0   0.0   0.0   0.0
 13. h2t.preissler.me                  0.0%  1000   37.8  37.3  34.8 101.6   4.2
