HOST: alix                                      Loss%   Snt   Last   Avg  Best  Wrst StDev
  1. fritz.box                                  0.0%  1000    0.8   0.7   0.7   1.2   0.1
  2. 2003:0:1801:c201::1                        0.0%  1000   21.3  21.2  20.7  23.8   0.3
  3. 2003:0:1801:c218::2                        0.0%  1000   25.7  24.6  22.3  39.0   1.4
  4. 2003:0:1306:c000::1                        0.0%  1000   28.8  30.8  27.7 124.7   9.0
  5. 2003:0:1306:c008::2                       88.1%  1000   30.2  29.2  28.4  30.8   0.5
  6. ce-0-4-0-0.r03.frnkge03.de.ce.gin.ntt.net  0.0%  1000   33.8  34.3  33.4  56.6   2.4
  7. core4.hetzner.de                           0.0%  1000   34.3  34.2  33.5  56.8   1.8
  8. core21.hetzner.de                          0.0%  1000   35.8  35.9  35.2  58.6   1.8
  9. juniper3.rz10.hetzner.de                   0.0%  1000   36.4  36.7  35.6  67.2   3.0
 10. hos-tr1.ms-ex3k2.rz13.hetzner.de           0.0%  1000   36.8  37.3  36.2  49.4   1.1
 11. ???                                       100.0  1000    0.0   0.0   0.0   0.0   0.0
 12. h2t.preissler.me                           0.0%  1000   36.7  36.4  35.6  42.8   0.7
