HOST: alix                                      Loss%   Snt   Last   Avg  Best  Wrst StDev
  1. fritz.box                                  0.0%  1000    0.8   0.7   0.7   1.7   0.1
  2. 2003:0:1801:c201::1                        0.0%  1000   21.2  21.2  20.7  38.2   0.6
  3. 2003:0:1801:c218::2                        0.0%  1000   23.3  24.6  22.0  41.7   1.4
  4. 2003:0:1306:c000::1                        0.0%  1000   28.6  30.6  27.7 100.7   8.4
  5. 2003:0:1306:c008::2                       86.4%  1000   57.9  53.3  35.6  59.1   3.9
  6. ce-0-4-0-0.r03.frnkge03.de.ce.gin.ntt.net  0.0%  1000   34.0  34.2  33.3  57.2   2.1
  7. core4.hetzner.de                           0.1%  1000   34.4  34.0  33.6  43.5   0.6
  8. core21.hetzner.de                          0.0%  1000   36.0  36.0  35.3  58.2   1.8
  9. juniper3.rz10.hetzner.de                   0.0%  1000   36.6  37.6  35.7  71.3   4.0
 10. hos-tr1.ms-ex3k2.rz13.hetzner.de           0.0%  1000   36.7  37.0  36.3  46.4   0.8
 11. ???                                       100.0  1000    0.0   0.0   0.0   0.0   0.0
 12. h2t.preissler.me                           0.0%  1000   36.4  36.1  35.5  39.8   0.4
