HOST: alix                                      Loss%   Snt   Last   Avg  Best  Wrst StDev
  1. fritz.box                                  0.0%  1000    0.8   0.7   0.7   1.2   0.1
  2. 2003:0:1801:c201::1                        0.0%  1000   21.1  21.2  20.7  25.6   0.4
  3. 2003:0:1803:8318::2                        0.0%  1000   24.6  24.6  22.4  41.8   1.4
  4. 2003:0:1306:c000::1                        0.0%  1000   28.3  30.3  27.6  95.2   7.9
  5. 2003:0:1306:c008::2                       88.8%  1000   28.7  29.2  28.6  31.3   0.5
  6. ce-0-4-0-0.r03.frnkge03.de.ce.gin.ntt.net  0.0%  1000   34.3  34.0  33.4  56.8   1.8
  7. core4.hetzner.de                           0.0%  1000   34.1  34.0  33.6  42.6   0.6
  8. core21.hetzner.de                          0.0%  1000   35.9  35.9  35.2  54.4   1.5
  9. juniper3.rz10.hetzner.de                   0.0%  1000   36.7  37.2  35.7  76.4   4.7
 10. hos-tr1.ms-ex3k2.rz13.hetzner.de           0.0%  1000   37.1  37.0  36.2  44.9   0.8
 11. ???                                       100.0  1000    0.0   0.0   0.0   0.0   0.0
 12. h2t.preissler.me                           0.0%  1000   38.4  36.1  35.5  39.8   0.4
