HOST: alix                                      Loss%   Snt   Last   Avg  Best  Wrst StDev
  1. fritz.box                                  0.0%  1000    0.9   0.7   0.7   1.5   0.1
  2. 2003:0:1801:c201::1                        0.0%  1000   21.6  21.1  20.7  27.4   0.4
  3. 2003:0:1803:8318::2                        0.0%  1000   26.0  24.6  22.0  39.2   1.4
  4. 2003:0:1306:c000::1                        0.0%  1000   28.5  30.7  27.6 103.0   8.6
  5. 2003:0:1306:c008::2                       91.1%  1000   29.0  29.2  28.7  31.2   0.5
  6. ce-0-4-0-0.r03.frnkge03.de.ce.gin.ntt.net  0.0%  1000   33.9  34.0  33.4  57.5   1.6
  7. core4.hetzner.de                           0.0%  1000   34.5  34.2  33.5  58.6   1.7
  8. core21.hetzner.de                          0.0%  1000   35.8  35.9  35.2  54.4   1.9
  9. juniper3.rz10.hetzner.de                   0.0%  1000   36.0  37.1  35.7  69.7   3.6
 10. hos-tr1.ms-ex3k2.rz13.hetzner.de           0.0%  1000   36.9  37.8  36.4  48.3   1.2
 11. ???                                       100.0  1000    0.0   0.0   0.0   0.0   0.0
 12. h2t.preissler.me                           0.0%  1000   36.8  36.5  35.6  41.8   0.7
