HOST: alix                                      Loss%   Snt   Last   Avg  Best  Wrst StDev
  1. fritz.box                                  0.0%  1000    0.8   0.7   0.7   1.3   0.1
  2. 2003:0:1801:c201::1                        0.0%  1000   21.3  21.2  20.7  24.0   0.4
  3. 2003:0:1801:c218::2                        0.0%  1000   26.1  24.6  22.0  47.1   1.8
  4. 2003:0:1306:c000::1                        0.0%  1000   28.7  30.7  27.6  93.8   8.8
  5. 2003:0:1306:c008::2                       89.2%  1000   31.2  29.8  28.3  36.8   1.3
  6. ce-0-4-0-0.r03.frnkge03.de.ce.gin.ntt.net  1.3%  1000   56.1  56.7  52.3  77.9   2.1
  7. core4.hetzner.de                           2.3%  1000   56.5  56.5  54.4  65.8   0.8
  8. core21.hetzner.de                          1.0%  1000   58.3  58.4  56.4  80.7   1.9
  9. juniper3.rz10.hetzner.de                   1.8%  1000   59.1  59.5  56.6  94.2   4.7
 10. hos-tr1.ms-ex3k2.rz13.hetzner.de           1.3%  1000   59.2  59.8  58.0  66.8   1.0
 11. ???                                       100.0  1000    0.0   0.0   0.0   0.0   0.0
 12. h2t.preissler.me                           2.1%  1000   58.6  58.9  57.5  62.0   0.8
