HOST: alix                                      Loss%   Snt   Last   Avg  Best  Wrst StDev
  1. fritz.box                                  0.0%  1000    0.8   0.7   0.7   2.5   0.1
  2. 2003:0:1801:c201::1                        0.0%  1000   21.2  21.2  20.7  41.1   0.7
  3. 2003:0:1801:c218::2                        0.0%  1000   25.6  24.7  22.3  42.6   1.4
  4. 2003:0:1306:c000::1                        0.0%  1000   28.3  30.5  27.8  87.1   7.9
  5. 2003:0:1306:c008::2                       87.5%  1000   29.2  29.2  28.6  35.9   0.7
  6. ce-0-4-0-0.r03.frnkge03.de.ce.gin.ntt.net  0.0%  1000   34.0  34.2  33.4  85.9   2.5
  7. core4.hetzner.de                           0.0%  1000   33.9  34.3  33.6  57.6   2.3
  8. core21.hetzner.de                          0.0%  1000   35.9  35.9  35.2  57.3   1.8
  9. juniper3.rz10.hetzner.de                   0.0%  1000   45.8  38.0  35.7  77.8   3.7
 10. hos-tr1.ms-ex3k2.rz13.hetzner.de           0.0%  1000   38.6  40.3  36.7  57.6   2.9
 11. ???                                       100.0  1000    0.0   0.0   0.0   0.0   0.0
 12. h2t.preissler.me                           0.0%  1000   36.6  38.1  35.7  78.1   2.2
