HOST: alix                                      Loss%   Snt   Last   Avg  Best  Wrst StDev
  1. fritz.box                                  0.0%  1000    0.7   0.7   0.7   1.9   0.1
  2. 2003:0:1801:c201::1                        0.0%  1000   21.6  21.3  20.7  56.2   1.2
  3. 2003:0:1803:8318::2                        0.0%  1000   23.0  24.6  22.1  63.6   1.8
  4. 2003:0:1306:c000::1                        0.0%  1000   28.7  30.7  27.8  92.1   8.6
  5. 2003:0:1306:c008::2                       90.2%  1000   57.7  34.3  28.5  57.7   9.9
  6. ce-0-4-0-0.r03.frnkge03.de.ce.gin.ntt.net  0.0%  1000   34.0  34.3  33.4  62.1   2.3
  7. core4.hetzner.de                           0.0%  1000   34.4  34.2  33.6  60.3   1.3
  8. core21.hetzner.de                          0.0%  1000   36.2  36.2  35.2  75.7   2.2
  9. juniper3.rz10.hetzner.de                   0.0%  1000   36.1  36.8  35.7  95.1   3.8
 10. hos-tr1.ms-ex3k2.rz13.hetzner.de           0.0%  1000   37.8  37.1  36.3  85.4   2.0
 11. ???                                       100.0  1000    0.0   0.0   0.0   0.0   0.0
 12. h2t.preissler.me                           0.0%  1000   36.3  36.3  35.5  93.1   2.0
