HOST: alix                                      Loss%   Snt   Last   Avg  Best  Wrst StDev
  1. fritz.box                                  0.0%  1000    0.7   0.7   0.7   4.3   0.2
  2. 2003:0:1801:c201::1                        0.0%  1000   21.4  21.4  20.8  49.8   1.8
  3. 2003:0:1803:8318::2                        0.2%  1000   23.5  24.7  22.3  81.0   2.9
  4. 2003:0:1306:c000::1                        0.0%  1000   29.5  31.3  27.7 108.3  10.3
  5. 2003:0:1306:c008::2                       90.2%  1000   28.7  29.3  28.3  33.2   0.7
  6. ce-0-4-0-0.r03.frnkge03.de.ce.gin.ntt.net  0.0%  1000   34.2  34.3  33.3  91.1   3.0
  7. core4.hetzner.de                           0.0%  1000   33.9  34.2  33.6  78.3   2.0
  8. core21.hetzner.de                          0.0%  1000   36.0  36.2  35.2  96.8   3.9
  9. juniper3.rz10.hetzner.de                   0.0%  1000   36.3  36.7  35.6  68.6   3.5
 10. hos-tr1.ms-ex3k2.rz13.hetzner.de           0.0%  1000   37.2  37.2  36.2  84.9   2.1
 11. ???                                       100.0  1000    0.0   0.0   0.0   0.0   0.0
 12. h2t.preissler.me                           0.0%  1000   35.9  36.3  35.5  82.8   2.0
