HOST: alix                                      Loss%   Snt   Last   Avg  Best  Wrst StDev
  1. fritz.box                                  0.0%  1000    0.8   0.7   0.7   1.2   0.1
  2. 2003:0:1801:c201::1                        0.0%  1000   21.5  21.2  20.7  23.8   0.3
  3. 2003:0:1803:8318::2                        0.0%  1000   24.2  24.5  22.0  40.5   1.4
  4. 2003:0:1306:c000::1                        0.0%  1000   28.7  30.5  27.7  94.1   8.7
  5. 2003:0:1306:c008::2                       89.9%  1000   30.0  29.2  28.4  30.7   0.5
  6. ce-0-4-0-0.r03.frnkge03.de.ce.gin.ntt.net  0.0%  1000   48.7  34.4  33.4  57.1   2.0
  7. core4.hetzner.de                           0.0%  1000   34.7  34.3  33.6  43.8   1.0
  8. core21.hetzner.de                          0.0%  1000   36.0  36.2  35.2  57.7   1.7
  9. juniper3.rz10.hetzner.de                   0.0%  1000   36.7  37.1  35.7  77.5   3.6
 10. hos-tr1.ms-ex3k2.rz13.hetzner.de           0.0%  1000   37.0  37.3  36.3  45.4   1.0
 11. ???                                       100.0  1000    0.0   0.0   0.0   0.0   0.0
 12. h2t.preissler.me                           0.0%  1000   37.1  36.5  35.5  46.8   1.1
