HOST: alix                                      Loss%   Snt   Last   Avg  Best  Wrst StDev
  1. fritz.box                                  0.0%  1000    0.8   0.7   0.7   2.2   0.1
  2. 2003:0:1801:c201::1                        0.0%  1000   21.6  21.2  20.7  38.8   0.8
  3. 2003:0:1803:8318::2                        0.9%  1000   24.6  24.6  22.2  40.9   1.6
  4. 2003:0:1306:c000::1                        0.0%  1000   28.3  30.9  27.7  94.6   9.4
  5. 2003:0:1306:c008::2                       86.5%  1000   29.0  29.7  28.5  40.3   1.4
  6. ce-0-4-0-0.r03.frnkge03.de.ce.gin.ntt.net  0.0%  1000   34.9  43.8  33.7  69.9   6.8
  7. core4.hetzner.de                           0.0%  1000   34.4  43.6  33.7  61.4   6.5
  8. core21.hetzner.de                          0.0%  1000   36.2  45.5  35.4  74.8   6.9
  9. juniper3.rz10.hetzner.de                   0.1%  1000   36.9  45.7  35.8  84.8   6.9
 10. hos-tr1.ms-ex3k2.rz13.hetzner.de           0.0%  1000   37.5  46.4  36.5  62.3   6.5
 11. ???                                       100.0  1000    0.0   0.0   0.0   0.0   0.0
 12. h2t.preissler.me                           0.0%  1000   36.3  45.3  35.7  60.1   6.5
