HOST: alix                                      Loss%   Snt   Last   Avg  Best  Wrst StDev
  1. fritz.box                                  0.0%  1000    0.8   0.7   0.7   4.2   0.1
  2. 2003:0:1801:c201::1                        0.0%  1000   21.4  21.2  20.7  28.9   0.5
  3. 2003:0:1803:8318::2                        0.0%  1000   23.3  24.7  22.3  60.1   2.2
  4. 2003:0:1306:c000::1                        0.0%  1000   28.4  31.4  27.6 110.8   9.9
  5. 2003:0:1306:c008::2                       87.2%  1000   29.1  29.5  28.4  51.7   2.1
  6. ce-0-4-0-0.r03.frnkge03.de.ce.gin.ntt.net  0.0%  1000   33.6  34.2  33.4  58.1   1.9
  7. core4.hetzner.de                           0.0%  1000   34.7  34.2  33.6  76.9   2.2
  8. core21.hetzner.de                          0.0%  1000   35.6  35.9  35.2  57.8   1.7
  9. juniper3.rz10.hetzner.de                   0.0%  1000   36.4  36.8  35.6  65.2   3.5
 10. hos-tr1.ms-ex3k2.rz13.hetzner.de           0.0%  1000   37.1  37.2  36.2  48.9   1.0
 11. ???                                       100.0  1000    0.0   0.0   0.0   0.0   0.0
 12. h2t.preissler.me                           0.0%  1000   36.0  36.2  35.6  85.1   1.8
