HOST: alix                                      Loss%   Snt   Last   Avg  Best  Wrst StDev
  1. fritz.box                                  0.0%  1000    0.8   0.7   0.7   1.2   0.1
  2. 2003:0:1801:c201::1                        0.0%  1000   21.7  21.2  20.8  33.0   0.5
  3. 2003:0:1803:8318::2                        0.0%  1000   23.9  24.7  22.2  42.8   1.4
  4. 2003:0:1306:c000::1                        0.0%  1000   28.2  30.6  27.7  93.4   8.3
  5. 2003:0:1306:c008::2                       87.7%  1000   29.0  29.2  28.6  30.7   0.4
  6. ce-0-4-0-0.r03.frnkge03.de.ce.gin.ntt.net  0.0%  1000   34.3  34.0  33.4  56.0   1.5
  7. core4.hetzner.de                           0.0%  1000   35.3  34.2  33.6  56.3   1.8
  8. core21.hetzner.de                          0.0%  1000   35.7  35.8  35.2  58.3   1.6
  9. juniper3.rz10.hetzner.de                   0.0%  1000   36.1  36.7  35.7  69.8   3.2
 10. hos-tr1.ms-ex3k2.rz13.hetzner.de           0.0%  1000   37.2  37.1  36.3  45.4   0.9
 11. ???                                       100.0  1000    0.0   0.0   0.0   0.0   0.0
 12. h2t.preissler.me                           0.0%  1000   36.2  36.2  35.5  44.1   0.5
