HOST: alix                                      Loss%   Snt   Last   Avg  Best  Wrst StDev
  1. fritz.box                                  0.0%  1000    0.8   0.7   0.7   3.5   0.1
  2. 2003:0:1801:c201::1                        0.0%  1000   21.7  21.2  20.7  36.6   0.8
  3. 2003:0:1801:c218::2                        0.0%  1000   26.8  24.7  22.2  51.3   1.7
  4. 2003:0:1306:c000::1                        0.0%  1000   43.5  30.4  27.7 111.9   8.6
  5. 2003:0:1306:c008::2                       90.6%  1000   29.0  29.2  28.5  32.3   0.5
  6. ce-0-4-0-0.r03.frnkge03.de.ce.gin.ntt.net  0.0%  1000   34.3  34.1  33.4  58.7   1.7
  7. core4.hetzner.de                           0.0%  1000   34.3  34.0  33.6  57.7   1.1
  8. core21.hetzner.de                          0.0%  1000   36.0  35.9  35.2  58.9   1.5
  9. juniper3.rz10.hetzner.de                   0.0%  1000   36.1  36.7  35.6  67.7   3.4
 10. hos-tr1.ms-ex3k2.rz13.hetzner.de           0.0%  1000   37.5  37.1  36.2  58.5   1.2
 11. ???                                       100.0  1000    0.0   0.0   0.0   0.0   0.0
 12. h2t.preissler.me                           0.0%  1000   36.5  36.1  35.5  54.1   0.8
