HOST: alix                                      Loss%   Snt   Last   Avg  Best  Wrst StDev
  1. fritz.box                                  0.0%  1000    0.8   0.7   0.7   1.2   0.1
  2. 2003:0:1801:c201::1                        0.0%  1000   21.6  21.2  20.7  24.7   0.3
  3. 2003:0:1803:8318::2                        0.0%  1000   25.1  24.7  22.1  39.8   1.5
  4. 2003:0:1306:c000::1                        0.0%  1000   28.9  31.1  27.6  95.2   9.5
  5. 2003:0:1306:c008::2                       86.3%  1000   28.9  29.2  28.5  32.1   0.5
  6. ce-0-4-0-0.r03.frnkge03.de.ce.gin.ntt.net  0.0%  1000   33.9  34.2  33.4  55.7   2.1
  7. core4.hetzner.de                           0.0%  1000   34.3  34.0  33.6  43.6   0.7
  8. core21.hetzner.de                          0.0%  1000   35.6  36.1  35.2  57.9   2.5
  9. juniper3.rz10.hetzner.de                   0.0%  1000   36.8  36.8  35.5  68.6   3.5
 10. hos-tr1.ms-ex3k2.rz13.hetzner.de           0.0%  1000   39.6  37.1  36.2  46.3   0.8
 11. ???                                       100.0  1000    0.0   0.0   0.0   0.0   0.0
 12. h2t.preissler.me                           0.0%  1000   36.3  36.0  35.5  40.0   0.4
