HOST: alix                                      Loss%   Snt   Last   Avg  Best  Wrst StDev
  1. fritz.box                                  0.0%  1000    0.8   0.7   0.7   1.0   0.1
  2. 2003:0:1801:c201::1                        0.0%  1000   22.0  21.2  20.8  23.8   0.3
  3. 2003:0:1801:c218::2                        0.0%  1000   25.2  24.5  22.2  40.7   1.4
  4. 2003:0:1306:c000::1                        0.0%  1000   28.6  31.2  27.6  98.6  10.1
  5. 2003:0:1306:c008::2                       87.3%  1000   29.8  29.4  28.4  47.9   1.8
  6. ce-0-4-0-0.r03.frnkge03.de.ce.gin.ntt.net  0.1%  1000   51.7  47.0  33.6  76.8   8.4
  7. core4.hetzner.de                           0.1%  1000   53.7  46.7  33.7  67.9   8.1
  8. core21.hetzner.de                          0.2%  1000   55.5  48.5  35.4  76.6   8.1
  9. juniper3.rz10.hetzner.de                   0.0%  1000   56.0  49.4  35.8  87.1   8.6
 10. hos-tr1.ms-ex3k2.rz13.hetzner.de           0.0%  1000   58.3  50.3  36.6  67.6   8.2
 11. ???                                       100.0  1000    0.0   0.0   0.0   0.0   0.0
 12. h2t.preissler.me                           0.1%  1000   54.1  49.3  35.8  65.8   8.2
