HOST: alix                                      Loss%   Snt   Last   Avg  Best  Wrst StDev
  1. fritz.box                                  0.0%  1000    0.8   0.7   0.7   1.4   0.1
  2. 2003:0:1801:c201::1                        0.0%  1000   21.6  21.2  20.8  24.7   0.4
  3. 2003:0:1803:8318::2                        0.0%  1000   23.0  24.5  22.3  28.7   1.2
  4. 2003:0:1306:c000::1                        0.0%  1000   28.3  30.3  27.6  93.2   7.7
  5. 2003:0:1306:c008::2                       86.0%  1000   29.5  29.1  28.4  30.7   0.4
  6. ce-0-4-0-0.r03.frnkge03.de.ce.gin.ntt.net  0.0%  1000   33.8  34.2  33.4  56.6   2.3
  7. core4.hetzner.de                           0.0%  1000   34.3  34.2  33.6  63.8   2.0
  8. core21.hetzner.de                          0.0%  1000   36.8  35.9  35.2  58.6   2.0
  9. juniper3.rz10.hetzner.de                   0.0%  1000   37.7  38.4  35.7  69.2   3.5
 10. hos-tr1.ms-ex3k2.rz13.hetzner.de           0.0%  1000   42.2  43.4  36.6  59.5   4.5
 11. ???                                       100.0  1000    0.0   0.0   0.0   0.0   0.0
 12. h2t.preissler.me                           0.0%  1000   47.2  45.6  36.4  60.2   5.0
