HOST: alix                             Loss%   Snt   Last   Avg  Best  Wrst StDev
  1. fritz.box                         0.0%  1000    0.7   0.7   0.7   2.3   0.1
  2. 2003:0:1801:c201::1               0.0%  1000   21.4  21.2  20.8  24.8   0.5
  3. 2003:0:1803:8318::2               0.0%  1000   24.8  24.7  22.3  44.3   1.5
  4. 2003:0:1308:4000::1               0.0%  1000   27.8  28.1  26.9  84.0   3.6
  5. 2003:0:1308:4007::2               0.0%  1000   28.0  28.3  27.4  75.5   3.2
  6. xe-3-1-0.fra28.ip6.gtt.net        0.0%  1000   28.7  28.6  27.4  80.1   3.2
  7. hetzner-online-gw.ip4.gtt.net     0.0%  1000   34.2  34.6  33.6  57.4   2.5
  8. core1.hetzner.de                  0.2%  1000   33.5  33.7  32.9  53.8   2.1
  9. core21.hetzner.de                 0.0%  1000   35.7  35.7  35.0  57.5   1.8
 10. juniper3.rz10.hetzner.de          0.0%  1000   58.1  36.3  35.2  67.6   3.0
 11. hos-tr3.ms-ex3k2.rz13.hetzner.de  0.0%  1000   37.1  37.5  36.5  48.3   0.9
 12. ???                              100.0  1000    0.0   0.0   0.0   0.0   0.0
 13. h2t.preissler.me                  0.0%  1000   35.3  35.5  34.8  60.0   1.0
