HOST: alix                             Loss%   Snt   Last   Avg  Best  Wrst StDev
  1. fritz.box                         0.0%  1000    0.8   0.7   0.7   1.4   0.1
  2. 2003:0:1801:c201::1               0.0%  1000   21.5  21.3  20.7  29.4   0.5
  3. 2003:0:1801:c218::2               0.0%  1000   24.1  24.8  22.1  45.2   1.5
  4. 2003:0:1308:4000::1               0.0%  1000   27.9  28.0  27.0  68.1   3.0
  5. 2003:0:1308:4007::2               0.0%  1000   28.0  28.6  27.4  71.3   3.6
  6. xe-3-0-1.fra28.ip6.gtt.net        0.0%  1000   29.4  28.5  27.6  64.7   2.8
  7. hetzner-online-gw.ip4.gtt.net     0.7%  1000   34.7  34.6  33.6  57.4   2.4
  8. core1.hetzner.de                  0.5%  1000   33.3  33.6  32.9  56.5   1.8
  9. core21.hetzner.de                 0.0%  1000   35.7  35.8  34.8  63.8   2.2
 10. juniper3.rz10.hetzner.de          0.0%  1000   35.7  36.8  35.2  65.8   3.9
 11. hos-tr3.ms-ex3k2.rz13.hetzner.de  0.0%  1000   37.8  37.5  36.6  49.2   0.9
 12. ???                              100.0  1000    0.0   0.0   0.0   0.0   0.0
 13. h2t.preissler.me                  0.0%  1000   35.1  35.4  34.8  38.0   0.5
