HOST: alix                                      Loss%   Snt   Last   Avg  Best  Wrst StDev
  1. fritz.box                                  0.0%  1000    0.8   0.7   0.7   1.4   0.1
  2. 2003:0:1801:c201::1                        0.0%  1000   21.2  21.1  20.7  23.8   0.3
  3. 2003:0:1801:c218::2                        0.0%  1000   26.1  24.6  22.2  36.2   1.3
  4. 2003:0:1306:c000::1                        0.0%  1000   78.0  30.5  27.6  88.8   8.0
  5. 2003:0:1306:c008::2                       89.4%  1000   29.1  29.2  28.5  31.8   0.5
  6. ce-0-4-0-0.r03.frnkge03.de.ce.gin.ntt.net  0.0%  1000   33.8  34.2  33.4  56.7   2.1
  7. core4.hetzner.de                           0.1%  1000   34.4  34.1  33.5  44.6   0.7
  8. core21.hetzner.de                          0.0%  1000   35.8  36.2  35.2  61.5   2.7
  9. juniper3.rz10.hetzner.de                   0.0%  1000   35.9  36.8  35.6  72.7   3.7
 10. hos-tr1.ms-ex3k2.rz13.hetzner.de           0.0%  1000   37.6  37.3  36.1  57.7   1.5
 11. ???                                       100.0  1000    0.0   0.0   0.0   0.0   0.0
 12. h2t.preissler.me                           0.0%  1000   36.1  36.0  35.5  47.3   0.5
