HOST: alix                                      Loss%   Snt   Last   Avg  Best  Wrst StDev
  1. fritz.box                                  0.0%  1000    0.8   0.7   0.7   1.3   0.1
  2. 2003:0:1801:c201::1                        0.0%  1000   21.4  21.2  20.8  26.5   0.4
  3. 2003:0:1801:c218::2                        0.0%  1000   23.1  24.7  22.2  42.3   1.6
  4. 2003:0:1306:c000::1                        0.0%  1000   27.9  30.3  27.7  94.7   7.6
  5. 2003:0:1306:c008::2                       83.1%  1000   29.9  30.4  28.4  54.1   2.7
  6. ce-0-4-0-0.r03.frnkge03.de.ce.gin.ntt.net  0.0%  1000   34.5  34.6  33.5  57.6   2.3
  7. core4.hetzner.de                           0.0%  1000   34.1  34.4  33.6  45.2   1.4
  8. core21.hetzner.de                          0.0%  1000   35.7  36.3  35.2  55.8   1.8
  9. juniper3.rz10.hetzner.de                   0.0%  1000   35.9  36.9  35.7  65.8   3.1
 10. hos-tr1.ms-ex3k2.rz13.hetzner.de           0.0%  1000   36.4  37.7  36.3  49.0   1.5
 11. ???                                       100.0  1000    0.0   0.0   0.0   0.0   0.0
 12. h2t.preissler.me                           0.0%  1000   36.4  36.5  35.5  49.3   1.2
