HOST: alix                             Loss%   Snt   Last   Avg  Best  Wrst StDev
  1. fritz.box                         0.0%  1000    0.7   0.7   0.7   3.8   0.1
  2. 2003:0:1801:c201::1               0.0%  1000   21.5  21.3  20.7  50.7   1.1
  3. 2003:0:1801:c218::2               0.2%  1000   24.6  24.7  22.3  38.2   1.4
  4. 2003:0:1308:4000::1               0.0%  1000   27.7  28.2  27.1  66.1   3.6
  5. 2003:0:1308:4007::2               0.0%  1000   28.2  28.5  27.4  59.8   3.3
  6. xe-3-0-1.fra28.ip6.gtt.net        0.0%  1000   40.9  28.6  27.5  72.8   3.1
  7. hetzner-online-gw.ip4.gtt.net     0.8%  1000   34.4  34.6  33.7  62.3   2.3
  8. core1.hetzner.de                  0.0%  1000   33.7  33.7  32.9  65.8   2.2
  9. core21.hetzner.de                 0.0%  1000   35.4  35.9  34.9  64.8   2.5
 10. juniper3.rz10.hetzner.de          0.0%  1000   35.8  36.5  35.2  68.0   3.6
 11. hos-tr3.ms-ex3k2.rz13.hetzner.de  0.0%  1000   37.8  37.5  36.7  69.5   1.3
 12. ???                              100.0  1000    0.0   0.0   0.0   0.0   0.0
 13. h2t.preissler.me                  0.0%  1000   35.2  35.4  34.8  66.6   1.1
