HOST: alix                                      Loss%   Snt   Last   Avg  Best  Wrst StDev
  1. fritz.box                                  0.0%  1000    0.8   0.7   0.7   3.2   0.1
  2. 2003:0:1801:c201::1                        0.0%  1000   21.7  21.4  20.7  75.1   3.0
  3. 2003:0:1801:c218::2                        0.8%  1000   23.1  24.7  22.0  51.9   1.9
  4. 2003:0:1306:c000::1                        0.0%  1000   28.6  31.1  27.6  91.4   9.5
  5. 2003:0:1306:c008::2                       86.2%  1000   51.0  49.3  28.8  58.3   7.8
  6. ce-0-4-0-0.r03.frnkge03.de.ce.gin.ntt.net  0.0%  1000   34.5  34.6  33.4  72.1   3.2
  7. core4.hetzner.de                           0.0%  1000   34.4  34.2  33.6  72.8   2.1
  8. core21.hetzner.de                          0.0%  1000   35.2  36.2  35.2  91.4   3.5
  9. juniper3.rz10.hetzner.de                   0.0%  1000   37.0  36.7  35.5  76.0   3.4
 10. hos-tr1.ms-ex3k2.rz13.hetzner.de           0.0%  1000   37.2  37.1  36.2  56.2   1.1
 11. ???                                       100.0  1000    0.0   0.0   0.0   0.0   0.0
 12. h2t.preissler.me                           0.0%  1000   36.2  36.2  35.5  61.5   1.4
