HOST: alix                                      Loss%   Snt   Last   Avg  Best  Wrst StDev
  1. fritz.box                                  0.0%  1000    0.7   0.7   0.7   4.9   0.2
  2. 2003:0:1801:c201::1                        0.0%  1000   21.1  21.2  20.7  25.1   0.5
  3. 2003:0:1803:8318::2                        0.0%  1000   26.0  24.6  22.0  41.6   1.3
  4. 2003:0:1306:c000::1                        0.0%  1000   28.5  30.8  27.6  93.3   8.8
  5. 2003:0:1306:c008::2                       88.5%  1000   28.9  29.2  28.5  30.8   0.4
  6. ce-0-4-0-0.r03.frnkge03.de.ce.gin.ntt.net  0.0%  1000   33.9  34.1  33.4  56.0   1.8
  7. core4.hetzner.de                           0.0%  1000   34.1  34.1  33.6  43.1   0.7
  8. core21.hetzner.de                          0.0%  1000   36.6  36.1  35.2  58.4   2.5
  9. juniper3.rz10.hetzner.de                   0.0%  1000   36.7  39.8  35.6  72.0   3.6
 10. hos-tr1.ms-ex3k2.rz13.hetzner.de           0.0%  1000   36.6  42.1  36.4  60.2   3.6
 11. ???                                       100.0  1000    0.0   0.0   0.0   0.0   0.0
 12. h2t.preissler.me                           0.0%  1000   37.0  40.0  35.8  48.9   2.5
