HOST: alix                                      Loss%   Snt   Last   Avg  Best  Wrst StDev
  1. fritz.box                                  0.0%  1000    0.8   0.7   0.7   1.2   0.1
  2. 2003:0:1801:c201::1                        0.0%  1000   21.0  21.2  20.7  26.2   0.5
  3. 2003:0:1803:8318::2                        0.5%  1000   26.6  24.6  22.3  36.5   1.4
  4. 2003:0:1306:c000::1                        0.0%  1000   28.4  30.9  27.6  96.0   8.9
  5. 2003:0:1306:c008::2                       85.1%  1000   29.0  29.2  28.5  31.0   0.5
  6. ce-0-4-0-0.r03.frnkge03.de.ce.gin.ntt.net  0.0%  1000   34.3  34.3  33.4  67.8   2.5
  7. core4.hetzner.de                           0.0%  1000   34.2  34.0  33.6  46.8   0.9
  8. core21.hetzner.de                          0.0%  1000   35.6  36.1  35.2  57.9   2.5
  9. juniper3.rz10.hetzner.de                   0.0%  1000   40.5  38.7  35.7  71.9   3.7
 10. hos-tr1.ms-ex3k2.rz13.hetzner.de           0.0%  1000   40.1  41.4  36.7  65.9   3.7
 11. ???                                       100.0  1000    0.0   0.0   0.0   0.0   0.0
 12. h2t.preissler.me                           0.0%  1000   41.3  40.8  36.1  56.9   3.2
