HOST: alix                                      Loss%   Snt   Last   Avg  Best  Wrst StDev
  1. fritz.box                                  0.0%  1000    0.8   0.7   0.7   3.6   0.1
  2. 2003:0:1801:c201::1                        0.0%  1000   21.5  21.2  20.7  27.1   0.4
  3. 2003:0:1803:8318::2                        0.0%  1000   23.4  24.6  22.4  43.2   1.4
  4. 2003:0:1306:c000::1                        0.0%  1000   28.6  30.9  27.6 107.3   9.6
  5. 2003:0:1306:c008::2                       89.4%  1000   28.8  29.2  28.5  30.8   0.4
  6. ce-0-4-0-0.r03.frnkge03.de.ce.gin.ntt.net  0.0%  1000   34.1  34.0  33.4  48.8   1.3
  7. core4.hetzner.de                           0.0%  1000   34.0  34.1  33.6  65.3   1.2
  8. core21.hetzner.de                          0.0%  1000   35.5  36.0  35.2  56.3   2.1
  9. juniper3.rz10.hetzner.de                   0.0%  1000   36.2  36.9  35.5  69.9   3.8
 10. hos-tr1.ms-ex3k2.rz13.hetzner.de           0.0%  1000   37.2  37.1  36.3  44.6   0.8
 11. ???                                       100.0  1000    0.0   0.0   0.0   0.0   0.0
 12. h2t.preissler.me                           0.0%  1000   35.9  36.1  35.5  42.2   0.6
