HOST: alix                                      Loss%   Snt   Last   Avg  Best  Wrst StDev
  1. fritz.box                                  0.0%  1000    0.7   0.7   0.7   1.8   0.1
  2. 2003:0:1801:c201::1                        0.0%  1000   21.3  21.2  20.7  24.5   0.4
  3. 2003:0:1801:c218::2                        0.0%  1000   26.0  24.6  22.2  29.3   1.3
  4. 2003:0:1306:c000::1                        0.0%  1000   28.4  31.0  27.6  95.1   9.2
  5. 2003:0:1306:c008::2                       83.9%  1000   38.4  30.4  28.5  51.0   4.0
  6. ce-0-4-0-0.r03.frnkge03.de.ce.gin.ntt.net  0.0%  1000   34.0  34.1  33.4  56.8   1.8
  7. core4.hetzner.de                           0.0%  1000   33.9  34.0  33.6  43.4   0.8
  8. core21.hetzner.de                          0.0%  1000   35.9  36.1  35.2  58.0   2.4
  9. juniper3.rz10.hetzner.de                   0.0%  1000   36.6  36.6  35.7  69.1   2.9
 10. hos-tr1.ms-ex3k2.rz13.hetzner.de           0.0%  1000   36.8  37.0  36.4  44.5   0.8
 11. ???                                       100.0  1000    0.0   0.0   0.0   0.0   0.0
 12. h2t.preissler.me                           0.0%  1000   36.8  36.1  35.5  42.0   0.5
