HOST: alix                                      Loss%   Snt   Last   Avg  Best  Wrst StDev
  1. fritz.box                                  0.0%  1000    0.7   0.7   0.7   4.7   0.1
  2. 2003:0:1801:c201::1                        0.0%  1000   21.2  21.5  20.7  47.9   1.8
  3. 2003:0:1803:8318::2                        0.0%  1000   23.7  24.7  22.1  51.1   2.2
  4. 2003:0:1306:c000::1                        0.0%  1000   88.1  31.4  27.7 115.4  10.2
  5. 2003:0:1306:c008::2                       90.9%  1000   29.2  30.1  28.6  44.8   2.5
  6. ce-0-4-0-0.r03.frnkge03.de.ce.gin.ntt.net  0.0%  1000   34.6  34.4  33.4  59.4   2.5
  7. core4.hetzner.de                           0.0%  1000   34.1  34.4  33.6  59.3   1.9
  8. core21.hetzner.de                          0.0%  1000   35.8  36.5  35.2  60.5   2.9
  9. juniper3.rz10.hetzner.de                   0.0%  1000   35.9  36.9  35.6  65.6   3.2
 10. hos-tr1.ms-ex3k2.rz13.hetzner.de           0.0%  1000   37.3  37.6  36.3  52.6   2.0
 11. ???                                       100.0  1000    0.0   0.0   0.0   0.0   0.0
 12. h2t.preissler.me                           0.0%  1000   36.1  36.5  35.6  61.6   1.9
