HOST: alix                                      Loss%   Snt   Last   Avg  Best  Wrst StDev
  1. fritz.box                                  0.0%  1000    0.7   0.7   0.7   1.2   0.1
  2. 2003:0:1801:c201::1                        0.0%  1000   21.6  21.1  20.7  29.9   0.4
  3. 2003:0:1803:8318::2                        0.0%  1000   23.8  24.6  22.5  86.3   2.4
  4. 2003:0:1306:c000::1                        0.0%  1000   28.6  30.7  27.6 105.1   9.3
  5. 2003:0:1306:c008::2                       88.3%  1000   30.4  29.6  28.5  59.5   3.1
  6. ce-0-4-0-0.r03.frnkge03.de.ce.gin.ntt.net  0.0%  1000   34.0  34.6  33.4  60.4   3.2
  7. core4.hetzner.de                           0.0%  1000   34.4  34.0  33.6  44.0   0.7
  8. core21.hetzner.de                          0.0%  1000   36.3  35.9  35.2  58.0   2.1
  9. juniper3.rz10.hetzner.de                   0.0%  1000   36.2  37.1  35.7  71.0   3.2
 10. hos-tr1.ms-ex3k2.rz13.hetzner.de           0.0%  1000   37.2  37.8  36.3  47.5   1.2
 11. ???                                       100.0  1000    0.0   0.0   0.0   0.0   0.0
 12. h2t.preissler.me                           0.0%  1000   36.4  36.6  35.6  41.4   0.7
