HOST: alix                                      Loss%   Snt   Last   Avg  Best  Wrst StDev
  1. fritz.box                                  0.0%  1000    0.8   0.7   0.7   2.3   0.1
  2. 2003:0:1801:c201::1                        0.0%  1000   21.0  21.1  20.7  23.7   0.4
  3. 2003:0:1803:8318::2                        0.0%  1000   25.5  24.7  22.2  36.8   1.3
  4. 2003:0:1306:c000::1                        0.0%  1000   28.0  30.6  27.6 100.1   8.6
  5. 2003:0:1306:c008::2                       91.1%  1000   28.8  29.2  28.2  32.2   0.6
  6. ce-0-4-0-0.r03.frnkge03.de.ce.gin.ntt.net  0.0%  1000   34.3  34.4  33.3  57.9   2.6
  7. core4.hetzner.de                           0.0%  1000   34.2  34.1  33.5  41.7   0.6
  8. core21.hetzner.de                          0.0%  1000   36.3  35.9  35.2  59.5   1.9
  9. juniper3.rz10.hetzner.de                   0.0%  1000   49.2  41.5  36.1  80.6   5.6
 10. hos-tr1.ms-ex3k2.rz13.hetzner.de           0.0%  1000   61.9  43.7  37.3  63.6   3.8
 11. ???                                       100.0  1000    0.0   0.0   0.0   0.0   0.0
 12. h2t.preissler.me                           0.0%  1000   54.5  43.1  35.9  61.2   5.2
