HOST: alix                                      Loss%   Snt   Last   Avg  Best  Wrst StDev
  1. fritz.box                                  0.0%  1000    0.8   0.7   0.7   2.2   0.1
  2. 2003:0:1801:c201::1                        0.0%  1000   21.6  21.1  20.7  23.8   0.3
  3. 2003:0:1803:8318::2                        0.0%  1000   25.3  24.5  22.0  40.7   1.3
  4. 2003:0:1306:c000::1                        0.0%  1000   28.7  30.5  27.7 111.9   8.7
  5. 2003:0:1306:c008::2                       84.9%  1000   28.9  29.3  28.4  40.6   1.0
  6. ce-0-4-0-0.r03.frnkge03.de.ce.gin.ntt.net  0.0%  1000   34.1  34.1  33.3  69.7   2.4
  7. core4.hetzner.de                           0.1%  1000   33.8  34.0  33.6  42.6   0.7
  8. core21.hetzner.de                          0.0%  1000   36.3  36.3  35.2  60.0   2.8
  9. juniper3.rz10.hetzner.de                   0.0%  1000   36.2  36.8  35.7  62.4   2.3
 10. hos-tr1.ms-ex3k2.rz13.hetzner.de           0.0%  1000   37.3  37.6  36.2  45.0   1.0
 11. ???                                       100.0  1000    0.0   0.0   0.0   0.0   0.0
 12. h2t.preissler.me                           0.0%  1000   35.7  36.5  35.6  39.7   0.7
