HOST: alix                                      Loss%   Snt   Last   Avg  Best  Wrst StDev
  1. fritz.box                                  0.0%  1000    0.8   0.7   0.7   1.3   0.1
  2. 2003:0:1801:c201::1                        0.0%  1000   21.4  21.2  20.8  27.0   0.4
  3. 2003:0:1801:c218::2                        0.0%  1000   24.7  24.6  22.2  40.1   1.3
  4. 2003:0:1306:c000::1                        0.0%  1000   28.6  31.0  27.6 105.1   9.6
  5. 2003:0:1306:c008::2                       86.7%  1000   29.2  29.2  28.5  31.7   0.5
  6. ce-0-4-0-0.r03.frnkge03.de.ce.gin.ntt.net  0.0%  1000   34.5  34.2  33.3  56.1   2.1
  7. core4.hetzner.de                           0.0%  1000   34.1  34.0  33.6  42.8   0.7
  8. core21.hetzner.de                          0.0%  1000   36.2  36.1  35.2  58.0   2.0
  9. juniper3.rz10.hetzner.de                   0.0%  1000   48.8  36.6  35.6  84.4   3.2
 10. hos-tr1.ms-ex3k2.rz13.hetzner.de           0.0%  1000   36.9  37.4  36.2  50.5   1.5
 11. ???                                       100.0  1000    0.0   0.0   0.0   0.0   0.0
 12. h2t.preissler.me                           0.0%  1000   37.0  36.1  35.6  41.7   0.5
