HOST: alix                                      Loss%   Snt   Last   Avg  Best  Wrst StDev
  1. fritz.box                                  0.0%  1000    0.8   0.7   0.7   6.8   0.2
  2. 2003:0:1801:c201::1                        0.0%  1000   21.4  21.2  20.7  42.3   0.8
  3. 2003:0:1803:8318::2                        0.0%  1000   23.0  24.6  22.1  42.4   1.3
  4. 2003:0:1306:c000::1                        0.0%  1000   28.0  30.4  27.6  95.4   8.3
  5. 2003:0:1306:c008::2                       87.0%  1000   28.9  29.2  28.5  31.0   0.4
  6. ce-0-4-0-0.r03.frnkge03.de.ce.gin.ntt.net  0.0%  1000   33.8  34.1  33.3  57.3   2.3
  7. core4.hetzner.de                           0.0%  1000   34.2  34.1  33.5  51.8   1.0
  8. core21.hetzner.de                          0.0%  1000   37.5  35.8  35.2  57.0   1.5
  9. juniper3.rz10.hetzner.de                   0.0%  1000   35.8  43.6  35.8  78.8   6.9
 10. hos-tr1.ms-ex3k2.rz13.hetzner.de           0.0%  1000   36.8  48.4  36.8  83.4   7.8
 11. ???                                       100.0  1000    0.0   0.0   0.0   0.0   0.0
 12. h2t.preissler.me                           0.0%  1000   39.4  49.4  36.4  76.8   7.1
