HOST: alix                                      Loss%   Snt   Last   Avg  Best  Wrst StDev
  1. fritz.box                                  0.0%  1000    0.7   0.7   0.6   3.1   0.1
  2. 2003:0:1801:c201::1                        0.0%  1000   21.5  21.3  20.7  27.8   0.5
  3. 2003:0:1803:8318::2                        0.0%  1000   26.2  24.6  22.2  49.6   1.6
  4. 2003:0:1306:c000::1                        0.0%  1000   28.8  30.9  27.6 102.7   9.1
  5. 2003:0:1306:c008::2                       89.0%  1000   57.3  53.5  41.5  58.0   3.5
  6. ce-0-4-0-0.r03.frnkge03.de.ce.gin.ntt.net  0.0%  1000   34.3  34.0  33.3  55.4   1.3
  7. core4.hetzner.de                           0.0%  1000   34.3  34.2  33.6  56.7   1.7
  8. core21.hetzner.de                          0.0%  1000   35.7  35.8  35.2  55.0   1.4
  9. juniper3.rz10.hetzner.de                   0.0%  1000   36.9  36.7  35.7  66.5   3.2
 10. hos-tr1.ms-ex3k2.rz13.hetzner.de           0.0%  1000   36.9  37.0  36.1  45.3   0.7
 11. ???                                       100.0  1000    0.0   0.0   0.0   0.0   0.0
 12. h2t.preissler.me                           0.0%  1000   36.0  36.0  35.4  38.7   0.4
