HOST: alix                                      Loss%   Snt   Last   Avg  Best  Wrst StDev
  1. fritz.box                                  0.0%  1000    0.8   0.7   0.7   1.1   0.1
  2. 2003:0:1801:c201::1                        0.0%  1000   21.0  21.2  20.7  23.9   0.4
  3. 2003:0:1801:c218::2                        0.0%  1000   26.4  24.6  22.2  32.5   1.3
  4. 2003:0:1306:c000::1                        0.0%  1000   28.4  30.5  27.6  95.3   8.1
  5. 2003:0:1306:c008::2                       88.8%  1000   29.5  29.2  28.5  31.0   0.5
  6. ce-0-4-0-0.r03.frnkge03.de.ce.gin.ntt.net  0.0%  1000   34.5  34.1  33.4  55.1   1.9
  7. core4.hetzner.de                           0.0%  1000   33.9  34.0  33.5  42.3   0.5
  8. core21.hetzner.de                          0.0%  1000   36.0  36.2  35.2  59.0   2.9
  9. juniper3.rz10.hetzner.de                   0.0%  1000   40.3  41.6  35.8  75.2   5.3
 10. hos-tr1.ms-ex3k2.rz13.hetzner.de           0.0%  1000   48.3  43.8  36.9  57.0   3.4
 11. ???                                       100.0  1000    0.0   0.0   0.0   0.0   0.0
 12. h2t.preissler.me                           0.0%  1000   45.0  41.9  35.9  54.1   2.9
