HOST: alix                                      Loss%   Snt   Last   Avg  Best  Wrst StDev
  1. fritz.box                                  0.0%  1000    0.7   0.7   0.7   1.7   0.1
  2. 2003:0:1801:c201::1                        0.0%  1000   21.4  21.2  20.7  54.5   1.4
  3. 2003:0:1803:8318::2                        0.0%  1000   26.7  24.7  22.1  70.7   2.1
  4. 2003:0:1306:c000::1                        0.0%  1000   28.2  30.6  27.7  94.5   8.6
  5. 2003:0:1306:c008::2                       89.6%  1000   29.3  29.2  28.1  31.8   0.6
  6. ce-0-4-0-0.r03.frnkge03.de.ce.gin.ntt.net  0.0%  1000   34.3  34.3  33.3  90.8   3.4
  7. core4.hetzner.de                           0.0%  1000   34.1  34.2  33.5  97.5   2.9
  8. core21.hetzner.de                          0.0%  1000   36.1  36.1  35.2  85.8   3.2
  9. juniper3.rz10.hetzner.de                   0.0%  1000   36.2  37.0  35.4  79.3   3.5
 10. hos-tr1.ms-ex3k2.rz13.hetzner.de           0.0%  1000   38.5  37.6  36.2  82.0   2.4
 11. ???                                       100.0  1000    0.0   0.0   0.0   0.0   0.0
 12. h2t.preissler.me                           0.0%  1000   36.5  36.6  35.6  83.8   2.2
