HOST: alix                                      Loss%   Snt   Last   Avg  Best  Wrst StDev
  1. fritz.box                                  0.0%  1000    0.8   0.7   0.7   2.9   0.1
  2. 2003:0:1801:c201::1                        0.0%  1000   21.3  21.2  20.7  25.1   0.3
  3. 2003:0:1803:8318::2                        0.0%  1000   25.0  24.6  22.3  30.8   1.3
  4. 2003:0:1306:c000::1                        0.0%  1000   28.5  30.5  27.7  91.3   7.9
  5. 2003:0:1306:c008::2                       89.8%  1000   28.9  29.1  28.5  30.5   0.4
  6. ce-0-4-0-0.r03.frnkge03.de.ce.gin.ntt.net  0.0%  1000   35.4  34.1  33.3  59.0   2.2
  7. core4.hetzner.de                           6.8%  1000   34.2  34.3  33.6  60.6   2.3
  8. core21.hetzner.de                          0.0%  1000   36.0  35.7  35.2  54.7   1.3
  9. juniper3.rz10.hetzner.de                   0.0%  1000   36.6  37.3  35.9  63.2   3.1
 10. hos-tr1.ms-ex3k2.rz13.hetzner.de           0.0%  1000   37.2  37.7  36.6  47.3   1.0
 11. ???                                       100.0  1000    0.0   0.0   0.0   0.0   0.0
 12. h2t.preissler.me                           0.0%  1000   36.2  36.1  35.2  48.7   0.7
