HOST: alix                                      Loss%   Snt   Last   Avg  Best  Wrst StDev
  1. fritz.box                                  0.0%  1000    0.8   0.7   0.7   1.3   0.1
  2. 2003:0:1801:c201::1                        0.0%  1000   21.4  21.2  20.8  27.9   0.4
  3. 2003:0:1803:8318::2                        0.0%  1000   40.8  24.5  22.2  40.8   1.4
  4. 2003:0:1306:c000::1                        0.0%  1000   28.1  30.5  27.8  92.8   8.5
  5. 2003:0:1306:c008::2                       89.1%  1000   29.9  29.2  28.3  31.4   0.5
  6. ce-0-4-0-0.r03.frnkge03.de.ce.gin.ntt.net  0.0%  1000   34.0  39.8  33.6  69.7   6.6
  7. core4.hetzner.de                           0.0%  1000   34.2  39.6  33.6  57.5   6.3
  8. core21.hetzner.de                          0.0%  1000   36.9  41.7  35.2  76.8   7.0
  9. juniper3.rz10.hetzner.de                   0.0%  1000   36.6  42.7  36.0  83.1   7.0
 10. hos-tr1.ms-ex3k2.rz13.hetzner.de           0.0%  1000   37.4  43.6  36.9  67.8   6.6
 11. ???                                       100.0  1000    0.0   0.0   0.0   0.0   0.0
 12. h2t.preissler.me                           0.0%  1000   36.5  41.9  35.3  62.8   6.6
