HOST: alix                                      Loss%   Snt   Last   Avg  Best  Wrst StDev
  1. fritz.box                                  0.0%  1000    0.8   0.7   0.7   1.5   0.1
  2. 2003:0:1801:c201::1                        0.0%  1000   21.1  22.4  20.7  40.4   3.0
  3. 2003:0:1803:8318::2                        0.0%  1000   25.8  26.1  22.3  50.1   3.8
  4. 2003:0:1306:c000::1                        0.0%  1000   27.9  32.5  27.7 103.3  10.0
  5. 2003:0:1306:c008::2                       89.3%  1000   31.2  30.2  28.4  39.2   2.9
  6. ce-0-4-0-0.r03.frnkge03.de.ce.gin.ntt.net  0.0%  1000   33.7  35.7  33.4  65.5   4.2
  7. core4.hetzner.de                           0.0%  1000   33.9  35.4  33.5  49.4   3.4
  8. core21.hetzner.de                          0.0%  1000   35.9  37.4  35.2  61.0   3.9
  9. juniper3.rz10.hetzner.de                   0.0%  1000   36.3  37.7  35.5  76.3   4.1
 10. hos-tr1.ms-ex3k2.rz13.hetzner.de           0.0%  1000   36.9  38.4  36.2  51.6   3.4
 11. ???                                       100.0  1000    0.0   0.0   0.0   0.0   0.0
 12. h2t.preissler.me                           0.0%  1000   36.2  37.6  35.5  56.3   3.6
