HOST: alix                                      Loss%   Snt   Last   Avg  Best  Wrst StDev
  1. fritz.box                                  0.0%  1000    0.8   0.7   0.7   1.1   0.1
  2. 2003:0:1801:c201::1                        0.0%  1000   21.5  21.2  20.7  24.0   0.4
  3. 2003:0:1801:c218::2                        0.0%  1000   27.4  24.7  21.8  30.8   1.3
  4. 2003:0:1306:c000::1                        0.0%  1000   28.3  30.6  27.8  88.7   8.0
  5. 2003:0:1306:c008::2                       87.4%  1000   28.8  29.0  28.5  30.6   0.4
  6. ce-0-4-0-0.r03.frnkge03.de.ce.gin.ntt.net  0.0%  1000   34.3  34.2  33.4  59.6   2.3
  7. core4.hetzner.de                           0.0%  1000   34.4  34.0  33.6  39.8   0.4
  8. core21.hetzner.de                          0.0%  1000   36.0  35.8  35.2  56.9   1.7
  9. juniper3.rz10.hetzner.de                   0.0%  1000   39.4  39.4  35.7  73.2   3.7
 10. hos-tr1.ms-ex3k2.rz13.hetzner.de           0.0%  1000   52.3  43.6  36.5  61.2   4.0
 11. ???                                       100.0  1000    0.0   0.0   0.0   0.0   0.0
 12. h2t.preissler.me                           0.0%  1000   42.9  44.2  36.0  58.0   3.8
