HOST: alix                             Loss%   Snt   Last   Avg  Best  Wrst StDev
  1. fritz.box                         0.0%  1000    0.7   0.7   0.7   3.1   0.1
  2. 2003:0:1801:c201::1               0.0%  1000   21.3  21.3  20.7  23.8   0.5
  3. 2003:0:1801:c218::2               0.0%  1000   26.3  24.6  22.3  48.9   1.5
  4. 2003:0:1308:4000::1               0.0%  1000   27.4  28.0  27.1  63.6   2.8
  5. 2003:0:1308:4007::2               0.0%  1000   77.6  46.1  27.1 105.4  20.1
  6. xe-3-0-0.fra28.ip6.gtt.net        0.0%  1000   27.8  45.9  27.1 117.4  20.1
  7. hetzner-online-gw.ip4.gtt.net     1.0%  1000   44.1  70.9  34.2 137.8  21.6
  8. core1.hetzner.de                  0.7%  1000   43.0  70.0  33.6 135.2  21.7
  9. core21.hetzner.de                 0.0%  1000   46.7  72.5  36.8 134.7  21.7
 10. juniper3.rz10.hetzner.de          0.0%  1000   55.2  73.0  36.7 169.2  22.2
 11. hos-tr1.ms-ex3k2.rz13.hetzner.de  0.3%  1000   47.0  73.6  37.5 133.1  21.9
 12. ???                              100.0  1000    0.0   0.0   0.0   0.0   0.0
 13. h2t.preissler.me                  0.0%  1000   47.8  71.9  36.3 133.2  21.7
