HOST: alix                                      Loss%   Snt   Last   Avg  Best  Wrst StDev
  1. fritz.box                                  0.0%  1000    0.9   0.7   0.7   1.1   0.1
  2. 2003:0:1801:c201::1                        0.0%  1000   21.2  21.2  20.7  30.7   0.5
  3. 2003:0:1803:8318::2                        0.0%  1000   23.5  24.6  22.3  43.0   1.4
  4. 2003:0:1306:c000::1                        0.0%  1000   28.0  30.9  27.7 107.7   9.3
  5. 2003:0:1306:c008::2                       89.0%  1000   30.0  29.2  28.4  31.1   0.5
  6. ce-0-4-0-0.r03.frnkge03.de.ce.gin.ntt.net  0.0%  1000   34.0  34.1  33.3  52.1   1.7
  7. core4.hetzner.de                           0.0%  1000   34.1  34.0  33.5  43.1   0.6
  8. core21.hetzner.de                          0.0%  1000   36.2  35.9  35.2  60.0   1.9
  9. juniper3.rz10.hetzner.de                   0.0%  1000   35.8  36.7  35.6  73.8   3.3
 10. hos-tr1.ms-ex3k2.rz13.hetzner.de           0.0%  1000   36.8  37.1  36.2  54.4   1.1
 11. ???                                       100.0  1000    0.0   0.0   0.0   0.0   0.0
 12. h2t.preissler.me                           0.0%  1000   36.1  36.0  35.5  38.5   0.4
