HOST: alix                                      Loss%   Snt   Last   Avg  Best  Wrst StDev
  1. fritz.box                                  0.0%  1000    0.8   0.7   0.7   4.9   0.2
  2. 2003:0:1801:c201::1                        0.0%  1000   21.5  21.2  20.7  25.5   0.4
  3. 2003:0:1803:8318::2                        0.0%  1000   26.7  24.5  22.2  32.5   1.3
  4. 2003:0:1306:c000::1                        0.0%  1000   28.6  30.6  27.6 114.4   9.0
  5. 2003:0:1306:c008::2                       88.8%  1000   29.0  29.7  28.2  60.3   3.6
  6. ce-0-4-0-0.r03.frnkge03.de.ce.gin.ntt.net  0.0%  1000   33.7  34.1  33.3  57.1   2.1
  7. core4.hetzner.de                           0.0%  1000   34.6  34.0  33.6  42.5   0.7
  8. core21.hetzner.de                          0.0%  1000   35.6  35.8  35.2  57.7   1.8
  9. juniper3.rz10.hetzner.de                   0.0%  1000   37.6  38.3  35.7  70.6   4.2
 10. hos-tr1.ms-ex3k2.rz13.hetzner.de           0.0%  1000   37.2  39.1  36.3  53.5   1.8
 11. ???                                       100.0  1000    0.0   0.0   0.0   0.0   0.0
 12. h2t.preissler.me                           0.0%  1000   36.1  37.8  35.8  58.4   1.5
