HOST: alix                                      Loss%   Snt   Last   Avg  Best  Wrst StDev
  1. fritz.box                                  0.0%  1000    0.8   0.7   0.7   1.3   0.1
  2. 2003:0:1801:c201::1                        0.0%  1000   21.1  21.2  20.7  27.4   0.4
  3. 2003:0:1803:8318::2                        0.0%  1000   22.9  24.5  22.3  33.0   1.3
  4. 2003:0:1306:c000::1                        0.0%  1000   28.5  30.5  27.6  98.3   8.4
  5. 2003:0:1306:c008::2                       89.1%  1000   28.8  29.3  28.5  34.4   0.7
  6. ce-0-4-0-0.r03.frnkge03.de.ce.gin.ntt.net  0.0%  1000   34.2  34.1  33.4  57.2   2.1
  7. core4.hetzner.de                           0.0%  1000   33.8  34.0  33.5  43.6   0.7
  8. core21.hetzner.de                          0.0%  1000   35.4  36.0  35.2  57.2   2.2
  9. juniper3.rz10.hetzner.de                   0.0%  1000   36.5  36.6  35.5  69.3   3.2
 10. hos-tr1.ms-ex3k2.rz13.hetzner.de           0.0%  1000   37.8  37.0  36.2  44.3   0.8
 11. ???                                       100.0  1000    0.0   0.0   0.0   0.0   0.0
 12. h2t.preissler.me                           0.0%  1000   35.9  36.0  35.5  40.8   0.4
