HOST: alix                                      Loss%   Snt   Last   Avg  Best  Wrst StDev
  1. fritz.box                                  0.0%  1000    0.8   0.7   0.7   3.7   0.1
  2. 2003:0:1801:c201::1                        0.0%  1000   21.7  21.3  20.8  24.4   0.3
  3. 2003:0:1803:8318::2                        0.0%  1000   23.1  24.5  22.1  31.8   1.2
  4. 2003:0:1306:c000::1                        0.0%  1000   28.7  30.7  27.8 117.6   9.2
  5. 2003:0:1306:c008::2                       88.4%  1000   28.9  29.2  28.4  31.1   0.5
  6. ce-0-4-0-0.r03.frnkge03.de.ce.gin.ntt.net  0.0%  1000   33.9  34.2  33.4  56.9   2.2
  7. core4.hetzner.de                           0.0%  1000   34.2  34.0  33.6  43.1   0.6
  8. core21.hetzner.de                          0.0%  1000   38.0  35.9  35.2  57.8   1.8
  9. juniper3.rz10.hetzner.de                   0.0%  1000   36.7  36.7  35.5  66.3   3.5
 10. hos-tr1.ms-ex3k2.rz13.hetzner.de           0.0%  1000   37.4  37.2  36.0  51.8   1.1
 11. ???                                       100.0  1000    0.0   0.0   0.0   0.0   0.0
 12. h2t.preissler.me                           0.0%  1000   36.2  36.2  35.5  38.6   0.6
