HOST: alix                                      Loss%   Snt   Last   Avg  Best  Wrst StDev
  1. fritz.box                                  0.0%  1000    0.8   0.7   0.7   1.7   0.1
  2. 2003:0:1801:c201::1                        0.0%  1000   21.6  21.4  20.7  83.7   2.7
  3. 2003:0:1801:c218::2                        0.1%  1000   26.3  24.6  22.1  84.2   2.4
  4. 2003:0:1306:c000::1                        0.0%  1000   28.1  31.1  27.6  93.9   9.0
  5. 2003:0:1306:c008::2                       87.3%  1000   29.0  29.3  28.5  40.9   1.2
  6. ce-0-4-0-0.r03.frnkge03.de.ce.gin.ntt.net  0.0%  1000   34.0  34.4  33.3  91.0   3.7
  7. core4.hetzner.de                           0.0%  1000   33.9  34.3  33.6  85.8   3.0
  8. core21.hetzner.de                          0.0%  1000   36.4  36.0  35.3  69.8   2.4
  9. juniper3.rz10.hetzner.de                   0.0%  1000   36.1  36.8  35.6  67.4   3.6
 10. hos-tr1.ms-ex3k2.rz13.hetzner.de           0.0%  1000   36.6  37.1  36.2  50.9   1.0
 11. ???                                       100.0  1000    0.0   0.0   0.0   0.0   0.0
 12. h2t.preissler.me                           0.0%  1000   36.3  36.1  35.5  72.5   1.3
