HOST: alix                                      Loss%   Snt   Last   Avg  Best  Wrst StDev
  1. fritz.box                                  0.0%  1000    0.8   0.7   0.7   1.1   0.1
  2. 2003:0:1801:c201::1                        0.0%  1000   21.4  21.2  20.7  24.8   0.5
  3. 2003:0:1803:8318::2                        0.0%  1000   24.3  24.6  22.3  45.5   1.5
  4. 2003:0:1306:c000::1                        0.0%  1000   28.2  30.6  27.6  92.4   8.6
  5. 2003:0:1306:c008::2                       89.8%  1000   28.9  29.1  28.3  31.0   0.5
  6. ce-0-4-0-0.r03.frnkge03.de.ce.gin.ntt.net  0.0%  1000   33.9  34.5  33.3  57.6   2.7
  7. core4.hetzner.de                           0.0%  1000   33.9  34.0  33.6  42.7   0.7
  8. core21.hetzner.de                          0.0%  1000   35.6  35.8  35.2  57.7   1.8
  9. juniper3.rz10.hetzner.de                   0.0%  1000   39.5  40.0  35.7  72.2   4.0
 10. hos-tr1.ms-ex3k2.rz13.hetzner.de           0.0%  1000   41.8  43.5  36.6  57.8   4.0
 11. ???                                       100.0  1000    0.0   0.0   0.0   0.0   0.0
 12. h2t.preissler.me                           0.0%  1000   46.1  42.8  36.0  58.1   4.4
