HOST: alix                                      Loss%   Snt   Last   Avg  Best  Wrst StDev
  1. fritz.box                                  0.0%  1000    0.8   0.7   0.7   1.2   0.1
  2. 2003:0:1801:c201::1                        0.0%  1000   21.5  21.2  20.7  23.8   0.3
  3. 2003:0:1801:c218::2                        0.2%  1000   23.3  24.6  22.2  51.3   1.8
  4. 2003:0:1306:c000::1                        0.0%  1000   28.6  30.9  27.8  93.6   9.0
  5. 2003:0:1306:c008::2                       85.1%  1000   28.9  44.7  28.7  95.5  14.0
  6. ce-0-4-0-0.r03.frnkge03.de.ce.gin.ntt.net  0.0%  1000   34.2  34.9  33.5  57.2   2.6
  7. core4.hetzner.de                           0.0%  1000   33.9  34.5  33.6  43.0   1.0
  8. core21.hetzner.de                          0.0%  1000   36.2  36.4  35.2  57.7   1.9
  9. juniper3.rz10.hetzner.de                   0.0%  1000   36.6  37.0  35.6  70.1   3.6
 10. hos-tr1.ms-ex3k2.rz13.hetzner.de           0.0%  1000   36.9  37.4  36.4  47.8   1.2
 11. ???                                       100.0  1000    0.0   0.0   0.0   0.0   0.0
 12. h2t.preissler.me                           0.0%  1000   37.0  36.5  35.5  43.4   0.9
