HOST: alix                                      Loss%   Snt   Last   Avg  Best  Wrst StDev
  1. fritz.box                                  0.0%  1000    0.9   0.7   0.7   1.4   0.1
  2. 2003:0:1801:c201::1                        0.0%  1000   21.9  21.3  20.8  31.0   0.6
  3. 2003:0:1801:c218::2                        0.1%  1000   24.2  24.6  22.3  40.4   1.4
  4. 2003:0:1306:c000::1                        0.0%  1000   48.8  31.1  27.6 103.0   9.1
  5. 2003:0:1306:c008::2                       85.5%  1000   33.3  91.7  31.5 123.7  18.4
  6. ce-0-4-0-0.r03.frnkge03.de.ce.gin.ntt.net  0.1%  1000   55.1  99.7  49.0 136.2  18.1
  7. core4.hetzner.de                           0.1%  1000   55.3  99.5  49.7 137.4  17.8
  8. core21.hetzner.de                          0.0%  1000   58.5 101.1  49.8 140.8  17.9
  9. juniper3.rz10.hetzner.de                   0.1%  1000   60.6 102.8  51.5 144.4  18.2
 10. hos-tr1.ms-ex3k2.rz13.hetzner.de           0.1%  1000   55.9 103.4  52.9 139.2  17.9
 11. ???                                       100.0  1000    0.0   0.0   0.0   0.0   0.0
 12. h2t.preissler.me                           0.0%  1000   59.1 101.8  51.4 135.7  18.0
