HOST: alix                                      Loss%   Snt   Last   Avg  Best  Wrst StDev
  1. fritz.box                                  0.0%  1000    0.7   0.7   0.7   5.3   0.2
  2. 2003:0:1801:c201::1                        0.0%  1000   21.8  21.2  20.7  23.8   0.4
  3. 2003:0:1803:8318::2                        0.0%  1000   23.6  24.6  22.0  31.8   1.3
  4. 2003:0:1306:c000::1                        0.0%  1000   28.7  30.9  27.7  96.4   9.5
  5. 2003:0:1306:c008::2                       91.2%  1000   29.5  29.2  28.3  30.9   0.5
  6. ce-0-4-0-0.r03.frnkge03.de.ce.gin.ntt.net  0.0%  1000   55.2  40.2  33.6  76.1   7.4
  7. core4.hetzner.de                           0.0%  1000   55.4  40.1  33.6  74.5   7.3
  8. core21.hetzner.de                          0.0%  1000   57.7  42.1  35.3  72.6   7.5
  9. juniper3.rz10.hetzner.de                   0.0%  1000   57.1  42.8  35.6  82.1   7.9
 10. hos-tr1.ms-ex3k2.rz13.hetzner.de           0.0%  1000   57.7  43.3  36.3  63.0   7.2
 11. ???                                       100.0  1000    0.0   0.0   0.0   0.0   0.0
 12. h2t.preissler.me                           0.0%  1000   58.2  42.2  35.5  60.0   7.2
