HOST: alix                                      Loss%   Snt   Last   Avg  Best  Wrst StDev
  1. fritz.box                                  0.0%  1000    0.8   0.7   0.7   1.7   0.1
  2. 2003:0:1801:c201::1                        0.0%  1000   21.9  21.2  20.7  26.6   0.5
  3. 2003:0:1801:c218::2                        0.0%  1000   26.2  24.6  22.2  30.4   1.2
  4. 2003:0:1306:c000::1                        0.0%  1000   28.4  31.1  27.6  95.4   9.8
  5. 2003:0:1306:c008::2                       90.1%  1000   28.9  29.1  28.3  30.8   0.4
  6. ce-0-4-0-0.r03.frnkge03.de.ce.gin.ntt.net  0.0%  1000   34.2  34.1  33.3  55.4   2.0
  7. core4.hetzner.de                           0.0%  1000   33.9  34.0  33.6  43.1   0.6
  8. core21.hetzner.de                          0.0%  1000   35.8  35.9  35.2  57.3   2.1
  9. juniper3.rz10.hetzner.de                   0.0%  1000   42.9  41.2  35.9  73.5   4.2
 10. hos-tr1.ms-ex3k2.rz13.hetzner.de           0.0%  1000   43.5  47.1  36.7  65.5   5.6
 11. ???                                       100.0  1000    0.0   0.0   0.0   0.0   0.0
 12. h2t.preissler.me                           0.0%  1000   51.3  44.6  35.9  63.5   4.5
