HOST: alix                                      Loss%   Snt   Last   Avg  Best  Wrst StDev
  1. fritz.box                                  0.0%  1000    0.8   0.7   0.7   2.1   0.1
  2. 2003:0:1801:c201::1                        0.0%  1000   21.7  21.2  20.7  24.7   0.3
  3. 2003:0:1801:c218::2                        0.0%  1000   25.4  24.7  22.2  35.6   1.3
  4. 2003:0:1306:c000::1                        0.0%  1000   27.4  29.7  26.9  92.8   8.8
  5. 2003:0:1306:c008::2                       90.3%  1000   28.5  28.8  28.1  30.6   0.5
  6. ce-0-4-0-0.r03.frnkge03.de.ce.gin.ntt.net  0.0%  1000   33.7  33.7  32.9  78.7   2.8
  7. core4.hetzner.de                           0.0%  1000   33.9  33.8  33.1  42.8   0.8
  8. core21.hetzner.de                          0.0%  1000   36.0  35.6  34.7  57.8   2.1
  9. juniper3.rz10.hetzner.de                   0.0%  1000   36.1  36.4  35.2  70.4   2.9
 10. hos-tr3.ms-ex3k2.rz13.hetzner.de           0.0%  1000   37.8  37.9  36.4  50.9   1.4
 11. ???                                       100.0  1000    0.0   0.0   0.0   0.0   0.0
 12. h2t.preissler.me                           0.0%  1000   35.1  35.8  34.8  43.4   1.0
