HOST: alix                             Loss%   Snt   Last   Avg  Best  Wrst StDev
  1. fritz.box                         0.0%  1000    0.8   0.7   0.7   6.2   0.2
  2. 2003:0:1801:c201::1               0.0%  1000   21.1  21.3  20.8  24.0   0.5
  3. 2003:0:1801:c218::2               0.0%  1000   26.3  24.7  22.1  48.5   1.8
  4. 2003:0:1308:4000::1               0.0%  1000   27.5  28.3  27.0  79.2   4.4
  5. 2003:0:1308:4007::2               0.0%  1000  109.5  39.0  27.4 137.8  22.8
  6. fra44.ip6.gtt.net                 0.0%  1000  122.3  53.1  42.5 130.7  22.2
  7. hetzner-online-gw.ip4.gtt.net     1.5%  1000  145.2  80.3  62.5 157.6  21.6
  8. core1.hetzner.de                  1.1%  1000  145.3  79.3  60.6 157.2  21.6
  9. core21.hetzner.de                 0.2%  1000  145.8  81.3  64.1 159.7  21.6
 10. juniper3.rz10.hetzner.de          0.4%  1000  147.2  81.7  64.2 163.3  21.7
 11. hos-tr3.ms-ex3k2.rz13.hetzner.de  0.2%  1000  145.8  83.0  64.9 161.3  21.6
 12. ???                              100.0  1000    0.0   0.0   0.0   0.0   0.0
 13. h2t.preissler.me                  0.4%  1000  137.9  80.9  63.1 159.1  21.5
