HOST: alix                                      Loss%   Snt   Last   Avg  Best  Wrst StDev
  1. fritz.box                                  0.0%  1000    0.8   0.7   0.7   3.7   0.1
  2. 2003:0:1801:c201::1                        0.0%  1000   21.5  21.3  20.7  23.8   0.4
  3. 2003:0:1801:c218::2                        0.0%  1000   23.1  24.7  22.3  47.0   1.6
  4. 2003:0:1306:c000::1                        0.0%  1000   28.7  30.8  27.8  85.9   8.5
  5. 2003:0:1306:c008::2                       81.9%  1000   35.8  32.0  28.6  50.8   4.3
  6. ce-0-4-0-0.r03.frnkge03.de.ce.gin.ntt.net  0.0%  1000   34.2  35.2  33.5  67.1   2.6
  7. core4.hetzner.de                           0.0%  1000   35.4  35.1  33.6  48.2   1.8
  8. core21.hetzner.de                          0.0%  1000   36.0  37.2  35.2  66.0   3.3
  9. juniper3.rz10.hetzner.de                   0.0%  1000   36.1  37.5  35.8  69.1   3.6
 10. hos-tr1.ms-ex3k2.rz13.hetzner.de           0.0%  1000   37.7  38.0  36.2  51.3   1.8
 11. ???                                       100.0  1000    0.0   0.0   0.0   0.0   0.0
 12. h2t.preissler.me                           0.0%  1000   36.2  37.1  35.6  53.1   1.8
