HOST: alix                                      Loss%   Snt   Last   Avg  Best  Wrst StDev
  1. fritz.box                                  0.0%  1000    0.8   0.7   0.7   2.0   0.1
  2. 2003:0:1801:c201::1                        0.0%  1000   21.1  21.2  20.7  41.6   0.7
  3. 2003:0:1803:8318::2                        0.0%  1000   23.5  24.6  22.2  43.2   1.5
  4. 2003:0:1306:c000::1                        0.0%  1000   67.4  31.2  27.7 100.1   9.9
  5. 2003:0:1306:c008::2                       90.8%  1000   28.9  29.1  28.3  31.8   0.5
  6. ce-0-4-0-0.r03.frnkge03.de.ce.gin.ntt.net  0.0%  1000   33.6  34.0  33.3  51.2   1.3
  7. core4.hetzner.de                           0.0%  1000   34.5  34.0  33.6  43.5   0.8
  8. core21.hetzner.de                          0.0%  1000   36.1  35.9  35.2  57.8   1.9
  9. juniper3.rz10.hetzner.de                   0.0%  1000   36.5  36.9  35.6  68.8   3.5
 10. hos-tr1.ms-ex3k2.rz13.hetzner.de           0.0%  1000   37.0  37.1  36.3  44.7   0.9
 11. ???                                       100.0  1000    0.0   0.0   0.0   0.0   0.0
 12. h2t.preissler.me                           0.0%  1000   36.7  36.0  35.5  38.3   0.4
