HOST: alix                             Loss%   Snt   Last   Avg  Best  Wrst StDev
  1. fritz.box                         0.0%  1000    0.8   0.7   0.7   1.5   0.1
  2. 2003:0:1801:c201::1               0.0%  1000   21.7  21.3  20.7  28.1   0.5
  3. 2003:0:1801:c218::2               0.0%  1000   26.1  24.7  22.3  55.4   1.6
  4. 2003:0:1308:4000::1               0.0%  1000   28.1  28.3  27.0  72.7   4.2
  5. 2003:0:1308:4007::2               0.0%  1000   28.2  28.7  27.4  73.5   3.8
  6. xe-3-0-0.fra28.ip6.gtt.net        0.0%  1000   28.8  28.4  27.1  69.4   3.3
  7. hetzner-online-gw.ip4.gtt.net     0.9%  1000   34.5  34.8  33.9  56.8   1.9
  8. core1.hetzner.de                  0.5%  1000   33.3  33.9  32.9  58.0   2.1
  9. core21.hetzner.de                 0.0%  1000   35.4  36.0  35.0  68.2   2.4
 10. juniper3.rz10.hetzner.de          0.0%  1000   37.0  36.5  35.2  68.9   3.0
 11. hos-tr3.ms-ex3k2.rz13.hetzner.de  0.0%  1000   38.1  37.7  36.4  47.3   1.2
 12. ???                              100.0  1000    0.0   0.0   0.0   0.0   0.0
 13. h2t.preissler.me                  0.0%  1000   44.8  35.7  34.8  47.3   1.0
