HOST: alix                                      Loss%   Snt   Last   Avg  Best  Wrst StDev
  1. fritz.box                                  0.0%  1000    0.9   0.7   0.7   8.1   0.2
  2. 2003:0:1801:c201::1                        0.0%  1000   21.6  21.3  20.8  24.1   0.5
  3. 2003:0:1801:c218::2                        0.0%  1000   22.9  24.6  22.3  38.2   1.3
  4. 2003:0:1306:c000::1                        0.0%  1000   28.6  31.0  27.7  95.6   9.5
  5. 2003:0:1306:c008::2                       90.6%  1000   29.0  29.1  28.3  30.3   0.4
  6. ce-0-4-0-0.r03.frnkge03.de.ce.gin.ntt.net  0.0%  1000   34.0  34.3  33.4  57.3   2.1
  7. core4.hetzner.de                           0.0%  1000   34.2  34.2  33.6  56.4   1.9
  8. core21.hetzner.de                          0.0%  1000   36.2  35.9  35.2  53.1   1.8
  9. juniper3.rz10.hetzner.de                   0.0%  1000   36.4  37.6  35.7  72.0   3.2
 10. hos-tr1.ms-ex3k2.rz13.hetzner.de           0.0%  1000   37.5  39.3  36.2  49.3   2.1
 11. ???                                       100.0  1000    0.0   0.0   0.0   0.0   0.0
 12. h2t.preissler.me                           0.0%  1000   39.2  38.5  35.7  47.3   2.1
