HOST: alix                             Loss%   Snt   Last   Avg  Best  Wrst StDev
  1. fritz.box                         0.0%  1000    0.8   0.7   0.7   1.5   0.1
  2. 2003:0:1801:c201::1               0.0%  1000   21.2  21.2  20.7  45.6   0.9
  3. 2003:0:1801:c218::2               0.0%  1000   24.0  24.7  22.2  48.9   1.8
  4. 2003:0:1308:4000::1               0.0%  1000   27.7  28.0  27.0  63.3   2.8
  5. 2003:0:1308:4007::2               0.0%  1000   28.2  28.3  27.4  76.3   3.2
  6. xe-2-0-1.fra28.ip6.gtt.net        0.0%  1000   28.2  28.4  27.1  70.4   3.6
  7. hetzner-online-gw.ip4.gtt.net     0.0%  1000   34.9  34.5  33.6  57.7   2.1
  8. core1.hetzner.de                  0.5%  1000   33.7  33.5  32.9  52.0   1.5
  9. core21.hetzner.de                 0.0%  1000   35.7  35.9  35.0  79.4   2.8
 10. juniper3.rz10.hetzner.de          0.0%  1000   36.2  36.4  35.2  69.3   3.1
 11. hos-tr3.ms-ex3k2.rz13.hetzner.de  0.0%  1000   37.6  37.5  36.7  54.9   1.0
 12. ???                              100.0  1000    0.0   0.0   0.0   0.0   0.0
 13. h2t.preissler.me                  0.0%  1000   35.0  35.4  34.8  37.8   0.4
