HOST: alix                                      Loss%   Snt   Last   Avg  Best  Wrst StDev
  1. fritz.box                                  0.0%  1000    0.8   0.7   0.7   1.5   0.1
  2. 2003:0:1801:c201::1                        0.0%  1000   21.7  21.3  20.7  57.7   1.6
  3. 2003:0:1801:c218::2                        0.0%  1000   23.8  24.5  22.4  56.1   1.6
  4. 2003:0:1306:c000::1                        0.0%  1000   28.6  31.3  27.7 109.1  10.4
  5. 2003:0:1306:c008::2                       73.8%  1000   88.1  68.7  30.0 125.1  17.3
  6. ce-0-4-0-0.r03.frnkge03.de.ce.gin.ntt.net  1.4%  1000  106.8  72.8  55.0 139.2  17.8
  7. core4.hetzner.de                           0.4%  1000  107.7  72.9  55.0 132.0  17.6
  8. core21.hetzner.de                          1.6%  1000  109.3  74.8  56.5 136.8  17.6
  9. juniper3.rz10.hetzner.de                   1.1%  1000  109.2  75.2  57.4 139.8  17.9
 10. hos-tr1.ms-ex3k2.rz13.hetzner.de           1.7%  1000  107.8  75.9  58.1 150.1  17.7
 11. ???                                       100.0  1000    0.0   0.0   0.0   0.0   0.0
 12. h2t.preissler.me                           1.3%  1000  109.6  74.9  56.9 117.9  17.4
