HOST: alix                                      Loss%   Snt   Last   Avg  Best  Wrst StDev
  1. fritz.box                                  0.0%  1000    0.8   0.7   0.7   1.1   0.1
  2. 2003:0:1801:c201::1                        0.0%  1000   21.7  21.2  20.7  24.5   0.4
  3. 2003:0:1801:c218::2                        0.0%  1000   22.6  24.6  22.2  48.3   1.5
  4. 2003:0:1306:c000::1                        0.0%  1000   28.4  30.5  27.7 107.9   8.4
  5. 2003:0:1306:c008::2                       87.7%  1000   29.0  29.3  28.5  31.8   0.6
  6. ce-0-4-0-0.r03.frnkge03.de.ce.gin.ntt.net  0.0%  1000   33.6  34.1  33.3  54.8   1.7
  7. core4.hetzner.de                           0.0%  1000   34.1  34.0  33.6  45.7   0.7
  8. core21.hetzner.de                          0.0%  1000   36.2  36.0  35.2  57.5   2.2
  9. juniper3.rz10.hetzner.de                   0.0%  1000   36.4  36.6  35.5  68.8   3.1
 10. hos-tr1.ms-ex3k2.rz13.hetzner.de           0.0%  1000   37.0  37.0  36.2  45.3   0.8
 11. ???                                       100.0  1000    0.0   0.0   0.0   0.0   0.0
 12. h2t.preissler.me                           0.0%  1000   36.8  36.1  35.5  39.8   0.4
