HOST: alix                                      Loss%   Snt   Last   Avg  Best  Wrst StDev
  1. fritz.box                                  0.0%  1000    0.7   0.7   0.7   1.5   0.1
  2. 2003:0:1801:c201::1                        0.0%  1000   21.6  21.2  20.7  24.3   0.5
  3. 2003:0:1803:8318::2                        0.0%  1000   24.7  24.6  22.4  41.0   1.5
  4. 2003:0:1306:c000::1                        0.0%  1000   28.5  30.6  27.6  95.1   8.4
  5. 2003:0:1306:c008::2                       91.6%  1000   29.1  29.2  28.7  31.7   0.5
  6. ce-0-4-0-0.r03.frnkge03.de.ce.gin.ntt.net  0.0%  1000   34.2  34.1  33.4  57.1   1.9
  7. core4.hetzner.de                           0.0%  1000   34.2  34.2  33.6  58.6   1.7
  8. core21.hetzner.de                          0.0%  1000   35.6  35.9  35.2  57.2   1.9
  9. juniper3.rz10.hetzner.de                   0.0%  1000   38.4  41.8  35.8  81.4   5.8
 10. hos-tr1.ms-ex3k2.rz13.hetzner.de           0.0%  1000   44.3  46.0  36.4  74.5   6.1
 11. ???                                       100.0  1000    0.0   0.0   0.0   0.0   0.0
 12. h2t.preissler.me                           0.0%  1000   42.8  44.4  36.4  58.0   4.2
