HOST: alix                             Loss%   Snt   Last   Avg  Best  Wrst StDev
  1. fritz.box                         0.0%  1000    0.9   0.7   0.7   1.9   0.1
  2. 2003:0:1801:c201::1               0.0%  1000   21.4  21.3  20.7  41.7   0.9
  3. 2003:0:1801:c218::2               0.0%  1000   26.3  24.7  22.3  59.8   1.8
  4. 2003:0:1308:4000::1               0.0%  1000   27.5  28.0  26.9  75.9   3.0
  5. 2003:0:1308:4007::2               0.0%  1000   28.2  28.7  27.3  83.9   4.4
  6. xe-3-1-0.fra28.ip6.gtt.net        0.0%  1000   28.0  28.7  27.6  78.7   3.3
  7. hetzner-online-gw.ip4.gtt.net     0.3%  1000   34.4  34.6  33.8  56.5   1.9
  8. core1.hetzner.de                  0.8%  1000   33.4  33.7  32.9  54.0   2.0
  9. core21.hetzner.de                 0.0%  1000   36.2  35.8  35.0  57.0   2.1
 10. juniper3.rz10.hetzner.de          0.0%  1000   36.0  38.5  35.2 2055.  63.9
 11. hos-tr3.ms-ex3k2.rz13.hetzner.de  0.0%  1000   37.2  37.5  36.6  45.0   0.9
 12. ???                              100.0  1000    0.0   0.0   0.0   0.0   0.0
 13. h2t.preissler.me                  0.0%  1000   35.5  35.5  34.9  45.1   0.6
