HOST: alix                                      Loss%   Snt   Last   Avg  Best  Wrst StDev
  1. fritz.box                                  0.0%  1000    0.8   0.7   0.7   1.3   0.1
  2. 2003:0:1801:c201::1                        0.0%  1000   21.0  21.2  20.7  24.7   0.4
  3. 2003:0:1801:c218::2                        0.0%  1000   25.2  24.6  22.2  32.0   1.3
  4. 2003:0:1306:c000::1                        0.0%  1000   28.4  30.8  27.7  94.8   9.2
  5. 2003:0:1306:c008::2                       90.9%  1000   28.9  29.1  28.5  30.8   0.5
  6. ce-0-4-0-0.r03.frnkge03.de.ce.gin.ntt.net  0.0%  1000   34.2  38.5  33.5  62.5   5.1
  7. core4.hetzner.de                           0.0%  1000   33.9  38.4  33.6  58.1   4.9
  8. core21.hetzner.de                          0.0%  1000   35.7  40.3  35.2  69.3   5.4
  9. juniper3.rz10.hetzner.de                   0.0%  1000   38.9  43.8  36.3  85.1   6.7
 10. hos-tr1.ms-ex3k2.rz13.hetzner.de           0.0%  1000   44.5  46.8  37.2  70.0   6.5
 11. ???                                       100.0  1000    0.0   0.0   0.0   0.0   0.0
 12. h2t.preissler.me                           0.0%  1000   44.5  44.4  35.8  65.4   6.0
