HOST: alix                             Loss%   Snt   Last   Avg  Best  Wrst StDev
  1. fritz.box                         0.0%  1000    0.8   0.7   0.7   1.3   0.1
  2. 2003:0:1801:c201::1               0.0%  1000   21.7  21.3  20.7  24.6   0.5
  3. 2003:0:1801:c218::2               0.0%  1000   23.9  24.7  21.8  43.0   1.5
  4. 2003:0:1308:4000::1               0.0%  1000   27.5  28.0  27.0  64.3   3.3
  5. 2003:0:1308:4007::2               0.0%  1000   28.1  28.3  27.3  84.7   3.4
  6. xe-3-0-2.fra28.ip6.gtt.net        0.0%  1000   28.4  28.5  27.3  73.2   3.5
  7. hetzner-online-gw.ip4.gtt.net     0.0%  1000   34.6  34.5  33.7  57.0   2.2
  8. core1.hetzner.de                  0.8%  1000   33.9  33.6  32.9  54.1   1.9
  9. core21.hetzner.de                 0.0%  1000   35.6  35.8  34.9  63.0   2.5
 10. juniper3.rz10.hetzner.de          0.0%  1000   36.5  36.8  35.3  65.1   3.9
 11. hos-tr3.ms-ex3k2.rz13.hetzner.de  0.0%  1000   37.9  37.4  36.4  43.2   0.7
 12. ???                              100.0  1000    0.0   0.0   0.0   0.0   0.0
 13. h2t.preissler.me                  0.0%  1000   35.3  35.4  34.8  38.0   0.5
