HOST: alix                                      Loss%   Snt   Last   Avg  Best  Wrst StDev
  1. fritz.box                                  0.0%  1000    0.8   0.7   0.7   2.8   0.1
  2. 2003:0:1801:c201::1                        0.0%  1000   21.8  21.3  20.7  59.8   1.4
  3. 2003:0:1803:8318::2                        0.0%  1000   25.5  24.7  22.0  67.0   1.9
  4. 2003:0:1306:c000::1                        0.0%  1000   28.2  30.6  27.7 108.3   8.9
  5. 2003:0:1306:c008::2                       78.7%  1000   80.1  77.0  46.3 100.6  10.7
  6. ce-0-4-0-0.r03.frnkge03.de.ce.gin.ntt.net  0.1%  1000  128.9  99.9  65.6 132.6  12.7
  7. core4.hetzner.de                           0.1%  1000  110.4 100.2  63.2 151.7  13.1
  8. core21.hetzner.de                          0.2%  1000  116.6 101.7  65.1 143.7  12.9
  9. juniper3.rz10.hetzner.de                   0.3%  1000  115.8 102.6  63.9 172.1  13.3
 10. hos-tr1.ms-ex3k2.rz13.hetzner.de           0.2%  1000  112.8 103.4  64.1 146.5  13.0
 11. ???                                       100.0  1000    0.0   0.0   0.0   0.0   0.0
 12. h2t.preissler.me                           0.3%  1000  115.5 102.3  65.1 132.2  12.8
