HOST: alix                                      Loss%   Snt   Last   Avg  Best  Wrst StDev
  1. fritz.box                                  0.0%  1000    0.8   0.7   0.7   1.5   0.1
  2. 2003:0:1801:c201::1                        0.0%  1000   21.4  21.3  20.6  39.4   0.9
  3. 2003:0:1801:c218::2                        0.0%  1000   26.4  24.8  22.5  77.0   2.9
  4. 2003:0:1306:c000::1                        0.0%  1000   28.4  30.9  27.8  96.3   9.0
  5. 2003:0:1306:c008::2                       86.6%  1000   29.4  40.8  28.5  59.0  10.9
  6. ce-0-4-0-0.r03.frnkge03.de.ce.gin.ntt.net  0.0%  1000   35.9  35.5  33.4  71.3   3.6
  7. core4.hetzner.de                           0.1%  1000   33.9  35.2  33.6  74.4   2.7
  8. core21.hetzner.de                          0.0%  1000   35.2  37.2  35.2  79.7   3.5
  9. juniper3.rz10.hetzner.de                   0.0%  1000   37.2  38.3  35.9 101.0   4.5
 10. hos-tr1.ms-ex3k2.rz13.hetzner.de           0.0%  1000   37.2  38.8  36.7  70.0   3.1
 11. ???                                       100.0  1000    0.0   0.0   0.0   0.0   0.0
 12. h2t.preissler.me                           0.0%  1000   35.9  37.0  35.2  89.8   3.5
