HOST: alix                                      Loss%   Snt   Last   Avg  Best  Wrst StDev
  1. fritz.box                                  0.0%  1000    0.8   0.7   0.7   1.3   0.1
  2. 2003:0:1801:c201::1                        0.0%  1000   21.0  21.2  20.7  24.2   0.5
  3. 2003:0:1801:c218::2                        0.0%  1000   24.5  24.5  22.2  27.6   1.2
  4. 2003:0:1306:c000::1                        0.0%  1000   28.6  31.0  27.7 112.7   9.5
  5. 2003:0:1306:c008::2                       90.9%  1000   29.1  29.1  28.1  31.1   0.5
  6. ce-0-4-0-0.r03.frnkge03.de.ce.gin.ntt.net  0.0%  1000   33.6  34.0  33.4  54.0   1.8
  7. core4.hetzner.de                           0.0%  1000   34.0  34.1  33.6  43.6   0.7
  8. core21.hetzner.de                          0.0%  1000   35.9  35.9  35.2  58.2   2.2
  9. juniper3.rz10.hetzner.de                   0.0%  1000   39.3  43.8  35.8  84.6   6.3
 10. hos-tr1.ms-ex3k2.rz13.hetzner.de           0.0%  1000   46.5  47.8  37.1  72.5   5.5
 11. ???                                       100.0  1000    0.0   0.0   0.0   0.0   0.0
 12. h2t.preissler.me                           0.0%  1000   44.6  46.0  36.5  72.0   5.4
