HOST: alix                                      Loss%   Snt   Last   Avg  Best  Wrst StDev
  1. fritz.box                                  0.0%  1000    1.0   0.7   0.7   1.2   0.1
  2. 2003:0:1801:c201::1                        0.0%  1000   21.9  21.2  20.7  30.3   0.5
  3. 2003:0:1803:8318::2                        0.0%  1000   26.5  24.5  22.1  37.1   1.3
  4. 2003:0:1306:c000::1                        0.0%  1000   28.2  31.1  27.7 110.6   9.7
  5. 2003:0:1306:c008::2                       87.8%  1000   29.1  29.1  28.6  30.9   0.4
  6. ce-0-4-0-0.r03.frnkge03.de.ce.gin.ntt.net  0.0%  1000   33.9  34.1  33.4  53.6   1.4
  7. core4.hetzner.de                           0.0%  1000   34.5  34.1  33.6  41.5   0.5
  8. core21.hetzner.de                          0.0%  1000   36.3  35.9  35.2  56.5   1.9
  9. juniper3.rz10.hetzner.de                   0.0%  1000   36.0  36.4  35.5  68.1   2.7
 10. hos-tr1.ms-ex3k2.rz13.hetzner.de           0.0%  1000   37.7  37.0  36.1  48.5   0.7
 11. ???                                       100.0  1000    0.0   0.0   0.0   0.0   0.0
 12. h2t.preissler.me                           0.0%  1000   36.3  36.1  35.5  40.1   0.4
