HOST: alix                             Loss%   Snt   Last   Avg  Best  Wrst StDev
  1. fritz.box                         0.0%  1000    0.8   0.7   0.7   1.1   0.1
  2. 2003:0:1801:c201::1               0.0%  1000   21.9  21.3  20.7  24.7   0.5
  3. 2003:0:1803:8318::2               0.0%  1000   27.0  24.6  22.0  42.3   1.6
  4. 2003:0:1308:4000::1               0.0%  1000   27.9  28.0  27.1  75.2   3.3
  5. 2003:0:1308:4007::2               0.0%  1000   94.0  55.1  27.4 109.5  14.0
  6. xe-2-0-2.fra28.ip6.gtt.net        0.0%  1000   94.0  55.3  27.7 118.7  14.0
  7. hetzner-online-gw.ip4.gtt.net     0.1%  1000  101.3  62.2  34.4 119.5  14.0
  8. core1.hetzner.de                  1.0%  1000  101.9  61.8  33.6 113.5  14.2
  9. core21.hetzner.de                 0.0%  1000  104.4  64.2  35.7 115.1  14.0
 10. juniper3.rz10.hetzner.de          0.0%  1000  108.5  65.1  36.0 114.7  14.8
 11. hos-tr1.ms-ex3k2.rz13.hetzner.de  0.0%  1000  107.8  65.2  37.7 115.4  13.9
 12. ???                              100.0  1000    0.0   0.0   0.0   0.0   0.0
 13. h2t.preissler.me                  0.1%  1000  102.6  63.2  35.3 115.6  13.8
