HOST: alix                                      Loss%   Snt   Last   Avg  Best  Wrst StDev
  1. fritz.box                                  0.0%  1000    0.9   0.7   0.7   1.5   0.1
  2. 2003:0:1801:c201::1                        0.0%  1000   21.3  21.3  20.7  26.5   0.4
  3. 2003:0:1801:c218::2                        0.0%  1000   25.0  24.5  22.1  37.4   1.4
  4. 2003:0:1306:c000::1                        0.0%  1000   28.3  30.9  27.5 110.3   9.4
  5. 2003:0:1306:c008::2                       91.3%  1000   30.5  29.2  28.5  31.8   0.5
  6. ce-0-4-0-0.r03.frnkge03.de.ce.gin.ntt.net  0.0%  1000   34.6  34.2  33.4  56.0   1.9
  7. core4.hetzner.de                           0.0%  1000   33.9  34.1  33.6  42.8   0.8
  8. core21.hetzner.de                          0.0%  1000   35.7  36.2  35.2  59.9   2.9
  9. juniper3.rz10.hetzner.de                   0.0%  1000   36.5  36.7  35.7  69.4   3.3
 10. hos-tr1.ms-ex3k2.rz13.hetzner.de           0.0%  1000   37.4  37.1  36.2  46.2   0.9
 11. ???                                       100.0  1000    0.0   0.0   0.0   0.0   0.0
 12. h2t.preissler.me                           0.0%  1000   36.4  36.2  35.6  55.7   0.8
