HOST: alix                                      Loss%   Snt   Last   Avg  Best  Wrst StDev
  1. fritz.box                                  0.0%  1000    0.8   0.7   0.7   1.2   0.1
  2. 2003:0:1801:c201::1                        0.0%  1000   21.0  26.1  20.8  40.8   4.5
  3. 2003:0:1801:c218::2                        0.0%  1000   23.2  30.4  22.1  54.1   5.3
  4. 2003:0:1306:c000::1                        0.0%  1000   28.7  36.3  27.8 104.5  10.3
  5. 2003:0:1306:c008::2                       88.0%  1000   28.7  34.4  28.5  51.4   5.3
  6. ce-0-4-0-0.r03.frnkge03.de.ce.gin.ntt.net  0.0%  1000   33.6  40.0  33.4  66.5   5.6
  7. core4.hetzner.de                           0.0%  1000   38.9  39.8  33.6  59.9   5.2
  8. core21.hetzner.de                          0.0%  1000   35.5  41.8  35.2  70.4   5.7
  9. juniper3.rz10.hetzner.de                   0.0%  1000   36.4  42.4  35.7  76.7   6.2
 10. hos-tr1.ms-ex3k2.rz13.hetzner.de           0.0%  1000   37.0  42.7  36.2  56.4   5.2
 11. ???                                       100.0  1000    0.0   0.0   0.0   0.0   0.0
 12. h2t.preissler.me                           0.0%  1000   36.0  41.9  35.7  62.6   5.2
