HOST: alix                                      Loss%   Snt   Last   Avg  Best  Wrst StDev
  1. fritz.box                                  0.0%  1000    0.8   0.7   0.7   2.2   0.1
  2. 2003:0:1801:c201::1                        0.0%  1000   21.9  21.3  20.8  33.9   0.7
  3. 2003:0:1801:c218::2                        0.0%  1000   24.4  24.8  22.0  85.0   2.7
  4. 2003:0:1306:c000::1                        0.0%  1000   28.3  31.1  27.8 100.9   9.7
  5. 2003:0:1306:c008::2                       85.6%  1000   29.1  32.1  28.6  48.2   4.1
  6. ce-0-4-0-0.r03.frnkge03.de.ce.gin.ntt.net  0.6%  1000   60.6  58.7  52.9 115.6   4.4
  7. core4.hetzner.de                           0.5%  1000   57.2  58.5  53.3  96.3   4.1
  8. core21.hetzner.de                          0.8%  1000   57.4  60.0  55.7  80.9   3.7
  9. juniper3.rz10.hetzner.de                   0.6%  1000   59.0  61.4  55.8 101.8   5.4
 10. hos-tr1.ms-ex3k2.rz13.hetzner.de           0.7%  1000   58.9  61.1  56.1  84.2   3.5
 11. ???                                       100.0  1000    0.0   0.0   0.0   0.0   0.0
 12. h2t.preissler.me                           0.8%  1000   58.8  60.0  54.6  95.5   3.4
