HOST: alix                                      Loss%   Snt   Last   Avg  Best  Wrst StDev
  1. fritz.box                                  0.0%  1000    0.8   0.7   0.7   1.3   0.1
  2. 2003:0:1801:c201::1                        0.0%  1000   21.6  21.2  20.8  32.2   0.5
  3. 2003:0:1803:8318::2                        0.0%  1000   24.9  24.6  22.2  38.1   1.3
  4. 2003:0:1306:c000::1                        0.0%  1000   33.4  30.4  27.6  91.9   8.5
  5. 2003:0:1306:c008::2                       85.8%  1000   29.2  29.1  28.3  31.8   0.5
  6. ce-0-4-0-0.r03.frnkge03.de.ce.gin.ntt.net  0.0%  1000   34.3  34.2  33.4  56.0   2.0
  7. core4.hetzner.de                           0.0%  1000   34.0  34.0  33.5  44.0   0.7
  8. core21.hetzner.de                          0.0%  1000   36.0  35.8  35.2  58.7   1.8
  9. juniper3.rz10.hetzner.de                   0.0%  1000   39.5  39.2  35.7  71.1   3.8
 10. hos-tr1.ms-ex3k2.rz13.hetzner.de           0.0%  1000   42.7  43.2  36.6  60.1   4.2
 11. ???                                       100.0  1000    0.0   0.0   0.0   0.0   0.0
 12. h2t.preissler.me                           0.0%  1000   44.4  43.2  36.0  61.8   4.7
