HOST: alix                                      Loss%   Snt   Last   Avg  Best  Wrst StDev
  1. fritz.box                                  0.0%  1000    0.8   0.7   0.6   3.1   0.1
  2. 2003:0:1801:c201::1                        0.0%  1000   21.3  21.2  20.6  24.9   0.5
  3. 2003:0:1803:8318::2                        0.0%  1000   26.2  24.6  22.3  33.8   1.3
  4. 2003:0:1306:c000::1                        0.0%  1000   28.7  30.3  27.6  93.4   8.2
  5. 2003:0:1306:c008::2                       87.8%  1000   28.9  29.1  28.2  31.1   0.4
  6. ce-0-4-0-0.r03.frnkge03.de.ce.gin.ntt.net  0.0%  1000   33.7  34.1  33.4  57.3   2.0
  7. core4.hetzner.de                           0.0%  1000   34.5  34.0  33.6  43.3   0.7
  8. core21.hetzner.de                          0.0%  1000   35.6  35.9  35.2  58.2   1.9
  9. juniper3.rz10.hetzner.de                   0.0%  1000   44.3  42.2  36.0  70.6   4.4
 10. hos-tr1.ms-ex3k2.rz13.hetzner.de           0.0%  1000   47.5  45.7  36.6  67.7   4.6
 11. ???                                       100.0  1000    0.0   0.0   0.0   0.0   0.0
 12. h2t.preissler.me                           0.0%  1000   41.1  42.7  36.0  55.2   3.5
