HOST: alix                                      Loss%   Snt   Last   Avg  Best  Wrst StDev
  1. fritz.box                                  0.0%  1000    0.8   0.7   0.7   1.9   0.1
  2. 2003:0:1801:c201::1                        0.0%  1000   21.6  21.3  20.8  23.7   0.3
  3. 2003:0:1801:c218::2                        0.0%  1000   23.2  24.5  22.3  40.4   1.4
  4. 2003:0:1306:c000::1                        0.0%  1000   28.4  30.9  27.7  96.4   9.5
  5. 2003:0:1306:c008::2                       86.0%  1000   29.0  29.3  28.5  31.9   0.7
  6. ce-0-4-0-0.r03.frnkge03.de.ce.gin.ntt.net  0.7%  1000   55.9  56.2  51.8  76.8   2.0
  7. core4.hetzner.de                           0.8%  1000   56.1  56.2  52.2  66.0   1.0
  8. core21.hetzner.de                          1.3%  1000   58.6  58.1  54.6  80.4   1.5
  9. juniper3.rz10.hetzner.de                   1.0%  1000   69.3  58.7  54.6  87.0   3.1
 10. hos-tr1.ms-ex3k2.rz13.hetzner.de           1.0%  1000   59.2  59.1  54.8  67.3   1.0
 11. ???                                       100.0  1000    0.0   0.0   0.0   0.0   0.0
 12. h2t.preissler.me                           0.6%  1000   57.8  58.2  54.0  62.8   0.7
