HOST: alix                                      Loss%   Snt   Last   Avg  Best  Wrst StDev
  1. fritz.box                                  0.0%  1000    0.7   0.7   0.7   2.1   0.1
  2. 2003:0:1801:c201::1                        0.0%  1000   21.1  21.3  20.7  26.0   0.6
  3. 2003:0:1801:c218::2                        0.0%  1000   23.6  24.7  22.2  45.8   1.6
  4. 2003:0:1306:c000::1                        0.0%  1000   28.5  31.3  27.8  95.4   9.7
  5. 2003:0:1306:c008::2                       85.7%  1000   30.1  30.1  28.6  38.6   1.6
  6. ce-0-4-0-0.r03.frnkge03.de.ce.gin.ntt.net  0.6%  1000   60.1  57.3  53.8  84.2   2.9
  7. core4.hetzner.de                           1.1%  1000   63.5  57.0  54.3  80.9   2.0
  8. core21.hetzner.de                          0.8%  1000   58.8  58.8  55.7  80.2   2.3
  9. juniper3.rz10.hetzner.de                   1.2%  1000   58.5  59.5  56.6  90.1   3.4
 10. hos-tr1.ms-ex3k2.rz13.hetzner.de           0.9%  1000   59.4  60.0  57.8  71.6   1.6
 11. ???                                       100.0  1000    0.0   0.0   0.0   0.0   0.0
 12. h2t.preissler.me                           0.6%  1000   59.0  59.1  56.5  68.6   1.4
