HOST: alix                             Loss%   Snt   Last   Avg  Best  Wrst StDev
  1. fritz.box                         0.0%  1000    0.8   0.7   0.7   1.8   0.1
  2. 2003:0:1801:c201::1               0.0%  1000   21.3  21.4  20.7  28.7   0.6
  3. 2003:0:1803:8318::2               0.0%  1000   22.8  24.7  22.2  44.2   1.6
  4. 2003:0:1308:4000::1               0.0%  1000   27.8  28.0  27.0  65.9   2.9
  5. 2003:0:1308:4007::2               0.0%  1000   28.4  30.4  27.5  83.1   5.7
  6. fra44.ip6.gtt.net                 0.0%  1000   45.0  45.1  42.4  73.4   4.9
  7. hetzner-online-gw.ip4.gtt.net     0.1%  1000   59.8  66.8  49.2 110.7   7.4
  8. core1.hetzner.de                  0.4%  1000   61.0  66.0  48.7 105.6   7.4
  9. core21.hetzner.de                 0.1%  1000   62.6  68.2  50.4  98.1   7.4
 10. juniper3.rz10.hetzner.de          0.2%  1000   63.5  68.8  51.1 102.4   7.5
 11. hos-tr3.ms-ex3k2.rz13.hetzner.de  0.0%  1000   65.8  70.0  52.4  95.5   7.0
 12. ???                              100.0  1000    0.0   0.0   0.0   0.0   0.0
 13. h2t.preissler.me                  0.0%  1000   72.1  67.7  50.7  93.7   6.9
