HOST: alix                             Loss%   Snt   Last   Avg  Best  Wrst StDev
  1. fritz.box                         0.0%  1000    0.7   0.7   0.7   4.7   0.2
  2. 2003:0:1801:c201::1               0.0%  1000   21.6  21.3  20.8  27.0   0.5
  3. 2003:0:1803:8318::2               0.0%  1000   24.1  24.7  22.2  41.8   1.5
  4. 2003:0:1308:4000::1               0.0%  1000   27.7  28.2  27.1  69.7   4.0
  5. 2003:0:1308:4007::2               0.0%  1000   28.3  28.7  27.4  82.0   4.2
  6. xe-3-0-2.fra28.ip6.gtt.net        0.0%  1000   28.0  28.4  27.2  73.9   3.5
  7. hetzner-online-gw.ip4.gtt.net     1.0%  1000   56.7  56.6  51.7  80.4   2.2
  8. core1.hetzner.de                  1.0%  1000   55.8  55.7  49.1  74.8   2.1
  9. core21.hetzner.de                 0.7%  1000   57.5  57.9  52.7  87.1   3.0
 10. juniper3.rz10.hetzner.de          0.6%  1000   58.7  58.9  52.2  92.9   4.1
 11. hos-tr3.ms-ex3k2.rz13.hetzner.de  1.3%  1000   59.7  59.9  54.3  95.2   1.7
 12. ???                              100.0  1000    0.0   0.0   0.0   0.0   0.0
 13. h2t.preissler.me                  1.3%  1000   58.3  57.9  49.4  64.9   1.2
