HOST: alix                                      Loss%   Snt   Last   Avg  Best  Wrst StDev
  1. fritz.box                                  0.0%  1000    0.8   0.7   0.7   1.3   0.1
  2. 2003:0:1801:c201::1                        0.0%  1000   21.6  21.2  20.7  23.8   0.3
  3. 2003:0:1803:8318::2                        0.0%  1000   24.4  24.5  22.2  41.3   1.3
  4. 2003:0:1306:c000::1                        0.0%  1000   29.6  31.7  27.6 113.9  10.8
  5. 2003:0:1306:c008::2                       90.4%  1000   29.4  29.6  28.5  33.5   1.0
  6. ce-0-4-0-0.r03.frnkge03.de.ce.gin.ntt.net  0.1%  1000   52.7  48.4  33.7  77.0   7.1
  7. core4.hetzner.de                           0.2%  1000   52.4  48.1  33.7  59.5   6.7
  8. core21.hetzner.de                          0.1%  1000   54.2  49.9  35.6  75.4   6.9
  9. juniper3.rz10.hetzner.de                   0.3%  1000   59.3  50.7  35.9  81.4   7.2
 10. hos-tr1.ms-ex3k2.rz13.hetzner.de           0.0%  1000   62.4  51.6  36.6  65.5   6.8
 11. ???                                       100.0  1000    0.0   0.0   0.0   0.0   0.0
 12. h2t.preissler.me                           0.0%  1000   59.2  50.5  35.7  61.4   6.7
