HOST: alix                                      Loss%   Snt   Last   Avg  Best  Wrst StDev
  1. fritz.box                                  0.0%  1000    0.7   0.7   0.7   1.5   0.1
  2. 2003:0:1801:c201::1                        0.0%  1000   21.5  21.2  20.7  27.3   0.4
  3. 2003:0:1803:8318::2                        0.0%  1000   24.8  24.5  22.3  37.7   1.3
  4. 2003:0:1306:c000::1                        0.0%  1000   28.4  30.7  27.6  96.5   8.6
  5. 2003:0:1306:c008::2                       88.8%  1000   29.1  29.6  28.4  74.9   4.4
  6. ce-0-4-0-0.r03.frnkge03.de.ce.gin.ntt.net  0.0%  1000   34.1  34.1  33.4  57.8   1.9
  7. core4.hetzner.de                           0.0%  1000   34.2  34.0  33.6  43.0   0.8
  8. core21.hetzner.de                          0.0%  1000   35.8  35.8  35.2  54.4   1.5
  9. juniper3.rz10.hetzner.de                   0.0%  1000   36.1  37.1  35.7  66.5   3.2
 10. hos-tr1.ms-ex3k2.rz13.hetzner.de           0.0%  1000   37.8  37.0  36.2  49.4   0.9
 11. ???                                       100.0  1000    0.0   0.0   0.0   0.0   0.0
 12. h2t.preissler.me                           0.0%  1000   38.7  36.1  35.6  41.1   0.5
