HOST: alix                                      Loss%   Snt   Last   Avg  Best  Wrst StDev
  1. fritz.box                                  0.0%  1000    0.8   0.7   0.7   1.2   0.1
  2. 2003:0:1801:c201::1                        0.0%  1000   21.1  21.2  20.8  24.0   0.4
  3. 2003:0:1803:8318::2                        0.0%  1000   23.7  24.5  22.2  34.7   1.3
  4. 2003:0:1306:c000::1                        0.0%  1000   53.3  30.4  27.6  95.0   8.1
  5. 2003:0:1306:c008::2                       90.6%  1000   29.4  29.3  28.7  31.4   0.6
  6. ce-0-4-0-0.r03.frnkge03.de.ce.gin.ntt.net  0.0%  1000   34.4  34.2  33.4  57.1   2.2
  7. core4.hetzner.de                           0.0%  1000   33.8  34.1  33.6  57.0   1.3
  8. core21.hetzner.de                          0.0%  1000   35.9  36.0  35.2  57.4   2.4
  9. juniper3.rz10.hetzner.de                   0.0%  1000   36.6  38.2  35.7  73.0   4.3
 10. hos-tr1.ms-ex3k2.rz13.hetzner.de           0.0%  1000   37.3  38.2  36.4  57.0   1.7
 11. ???                                       100.0  1000    0.0   0.0   0.0   0.0   0.0
 12. h2t.preissler.me                           0.0%  1000   36.5  37.5  35.6  49.0   1.6
