HOST: alix                             Loss%   Snt   Last   Avg  Best  Wrst StDev
  1. fritz.box                         0.0%  1000    0.7   0.7   0.7   4.0   0.2
  2. 2003:0:1801:c201::1               0.0%  1000   21.4  24.3  20.7  86.1  11.7
  3. 2003:0:1801:c218::2               0.0%  1000   25.0  27.5  22.0  90.3  11.5
  4. 2003:0:1308:4000::1               0.0%  1000   28.1  31.2  27.1 117.5  12.6
  5. 2003:0:1308:4007::2               0.2%  1000   40.0  32.4  27.4  93.5  12.1
  6. 2001:668:0:2:141:136:105:149      0.0%  1000   43.9  40.3  35.0  97.9  12.2
  7. hetzner-online-gw.ip4.gtt.net     1.8%  1000   70.2  67.2  58.2 128.0  11.4
  8. core1.hetzner.de                  0.6%  1000   67.8  66.4  57.4 131.5  11.3
  9. core21.hetzner.de                 0.3%  1000   72.7  68.2  58.9 128.6  11.2
 10. juniper3.rz10.hetzner.de          0.1%  1000   74.1  68.8  58.3 130.4  11.2
 11. hos-tr3.ms-ex3k2.rz13.hetzner.de  0.1%  1000   74.3  70.3  60.6 131.9  11.0
 12. ???                              100.0  1000    0.0   0.0   0.0   0.0   0.0
 13. h2t.preissler.me                  0.9%  1000   74.5  68.6  58.3 129.3  11.9
