HOST: alix                                      Loss%   Snt   Last   Avg  Best  Wrst StDev
  1. fritz.box                                  0.0%  1000    0.8   0.7   0.7   3.1   0.2
  2. 2003:0:1801:c201::1                        0.0%  1000   21.3  21.3  20.7  51.7   1.1
  3. 2003:0:1801:c218::2                        0.0%  1000   27.4  24.6  22.1  49.7   1.6
  4. 2003:0:1306:c000::1                        0.0%  1000   28.4  31.2  27.8 104.7   9.9
  5. 2003:0:1306:c008::2                       74.8%  1000   29.5  32.6  28.6  44.7   3.7
  6. ce-0-4-0-0.r03.frnkge03.de.ce.gin.ntt.net  0.0%  1000   34.3  36.1  33.4  68.1   3.5
  7. core4.hetzner.de                           0.0%  1000   34.7  36.0  33.6  55.2   3.0
  8. core21.hetzner.de                          0.0%  1000   36.0  37.8  35.2  63.4   3.4
  9. juniper3.rz10.hetzner.de                   0.0%  1000   39.0  38.6  35.6  68.6   4.0
 10. hos-tr1.ms-ex3k2.rz13.hetzner.de           0.0%  1000   40.5  39.4  36.1  62.0   3.3
 11. ???                                       100.0  1000    0.0   0.0   0.0   0.0   0.0
 12. h2t.preissler.me                           0.0%  1000   37.2  38.2  35.5  80.9   3.2
