HOST: alix                                      Loss%   Snt   Last   Avg  Best  Wrst StDev
  1. fritz.box                                  0.0%  1000    0.7   0.7   0.7   1.5   0.1
  2. 2003:0:1801:c201::1                        0.0%  1000   21.3  21.3  20.7  24.4   0.4
  3. 2003:0:1801:c218::2                        0.0%  1000   25.6  24.6  22.1  54.8   1.6
  4. 2003:0:1306:c000::1                        0.0%  1000   28.3  30.8  27.8 111.0   9.4
  5. 2003:0:1306:c008::2                       92.7%  1000   28.7  35.3  28.5  51.6   6.3
  6. ce-0-4-0-0.r03.frnkge03.de.ce.gin.ntt.net  0.5%  1000   56.2  56.2  47.8  78.5   2.2
  7. core4.hetzner.de                           1.0%  1000   56.9  56.2  49.3  77.1   2.1
  8. core21.hetzner.de                          0.5%  1000   58.1  57.9  52.1  78.7   2.2
  9. juniper3.rz10.hetzner.de                   0.7%  1000   58.5  59.1  50.9 109.2   5.1
 10. hos-tr1.ms-ex3k2.rz13.hetzner.de           0.5%  1000   59.4  59.1  51.5  68.7   1.3
 11. ???                                       100.0  1000    0.0   0.0   0.0   0.0   0.0
 12. h2t.preissler.me                           0.4%  1000   59.0  58.0  48.2  60.3   0.9
