HOST: alix                                      Loss%   Snt   Last   Avg  Best  Wrst StDev
  1. fritz.box                                  0.0%  1000    0.7   0.7   0.7   1.2   0.1
  2. 2003:0:1801:c201::1                        0.0%  1000   21.0  21.1  20.7  24.1   0.3
  3. 2003:0:1801:c218::2                        0.0%  1000   24.7  24.6  22.2  28.9   1.2
  4. 2003:0:1306:c000::1                        0.0%  1000   27.9  30.4  27.6  89.1   8.1
  5. 2003:0:1306:c008::2                       92.4%  1000   28.7  29.2  28.5  31.8   0.6
  6. ce-0-4-0-0.r03.frnkge03.de.ce.gin.ntt.net  0.0%  1000   34.0  34.1  33.3  56.9   2.2
  7. core4.hetzner.de                           0.0%  1000   33.9  34.0  33.6  42.4   0.7
  8. core21.hetzner.de                          0.0%  1000   35.9  35.9  35.2  56.3   1.8
  9. juniper3.rz10.hetzner.de                   0.0%  1000   36.1  36.9  35.5  71.1   3.9
 10. hos-tr1.ms-ex3k2.rz13.hetzner.de           0.0%  1000   37.4  36.9  36.1  46.3   0.8
 11. ???                                       100.0  1000    0.0   0.0   0.0   0.0   0.0
 12. h2t.preissler.me                           0.0%  1000   36.2  36.1  35.5  43.5   0.5
