HOST: alix                                      Loss%   Snt   Last   Avg  Best  Wrst StDev
  1. fritz.box                                  0.0%  1000    0.8   0.7   0.7   2.3   0.1
  2. 2003:0:1801:c201::1                        0.0%  1000   21.4  21.3  20.7  23.9   0.4
  3. 2003:0:1803:8318::2                        0.0%  1000   26.5  24.5  22.3  36.5   1.4
  4. 2003:0:1306:c000::1                        0.0%  1000   28.8  31.1  27.8  96.4   9.3
  5. 2003:0:1306:c008::2                       87.5%  1000   29.4  29.2  28.5  31.8   0.5
  6. ce-0-4-0-0.r03.frnkge03.de.ce.gin.ntt.net  0.0%  1000   33.9  44.2  33.6  70.2   9.2
  7. core4.hetzner.de                           0.1%  1000   34.3  43.9  33.6  63.5   9.1
  8. core21.hetzner.de                          0.1%  1000   35.9  45.9  35.2  91.5   9.3
  9. juniper3.rz10.hetzner.de                   0.1%  1000   38.5  47.0  35.6  86.7  10.0
 10. hos-tr1.ms-ex3k2.rz13.hetzner.de           0.1%  1000   38.2  47.2  36.3  62.6   9.1
 11. ???                                       100.0  1000    0.0   0.0   0.0   0.0   0.0
 12. h2t.preissler.me                           0.0%  1000   37.2  46.0  35.7  66.7   9.1
