HOST: alix                                      Loss%   Snt   Last   Avg  Best  Wrst StDev
  1. fritz.box                                  0.0%  1000    0.8   0.7   0.7   4.1   0.2
  2. 2003:0:1801:c201::1                        0.0%  1000   21.5  21.3  20.7  24.8   0.4
  3. 2003:0:1803:8318::2                        0.0%  1000   25.9  24.5  22.0  40.8   1.4
  4. 2003:0:1306:c000::1                        0.0%  1000   28.4  31.4  27.8 101.5   9.4
  5. 2003:0:1306:c008::2                       72.1%  1000   30.2  40.4  28.7  59.3   7.1
  6. ce-0-4-0-0.r03.frnkge03.de.ce.gin.ntt.net  0.8%  1000   54.7  66.9  52.3  92.4   7.1
  7. core4.hetzner.de                           0.4%  1000   55.8  66.9  51.7  88.7   6.7
  8. core21.hetzner.de                          0.7%  1000   55.0  68.7  54.5 139.2   7.1
  9. juniper3.rz10.hetzner.de                   0.5%  1000   57.0  69.6  54.4 126.8   7.6
 10. hos-tr1.ms-ex3k2.rz13.hetzner.de           0.4%  1000   59.4  69.9  55.4 110.9   6.6
 11. ???                                       100.0  1000    0.0   0.0   0.0   0.0   0.0
 12. h2t.preissler.me                           1.0%  1000   55.9  69.1  55.4  85.9   6.4
