HOST: alix                             Loss%   Snt   Last   Avg  Best  Wrst StDev
  1. fritz.box                         0.0%  1000    0.7   0.7   0.7   2.6   0.1
  2. 2003:0:1801:c201::1               0.0%  1000   21.4  21.5  20.7  75.4   2.5
  3. 2003:0:1803:8318::2               0.0%  1000   25.4  24.9  22.1  77.2   3.4
  4. 2003:0:1308:4000::1              35.6%  1000   28.3  28.3  27.1  78.8   3.7
  5. 2003:0:1308:4007::2               3.4%  1000  134.9 104.5  37.1 187.5  22.8
  6. xe-3-0-0.fra28.ip6.gtt.net        0.3%  1000  143.5 106.5  46.2 182.3  28.3
  7. hetzner-online-gw.ip4.gtt.net     0.7%  1000  146.8 124.2  53.3 173.3  21.1
  8. core1.hetzner.de                  1.2%  1000  146.7 122.0  55.4 170.3  19.5
  9. core21.hetzner.de                 1.0%  1000  217.7 150.1  56.2 254.0  48.0
 10. juniper3.rz10.hetzner.de          0.7%  1000  217.2 150.6  56.4 237.3  48.1
 11. hos-tr1.ms-ex3k2.rz13.hetzner.de  3.9%  1000  209.8 156.5  76.4 240.2  49.0
 12. h2t.preissler.me                 61.4%  1000  140.7 136.4  55.0 210.4  25.5
