HOST: alix                                      Loss%   Snt   Last   Avg  Best  Wrst StDev
  1. fritz.box                                  0.0%  1000    0.7   0.7   0.7   1.1   0.1
  2. 2003:0:1801:c201::1                        0.0%  1000   21.1  21.2  20.7  23.8   0.4
  3. 2003:0:1801:c218::2                        0.0%  1000   24.6  24.8  21.8  35.2   1.3
  4. 2003:0:1306:c000::1                        0.0%  1000   28.5  30.6  27.6  95.1   8.6
  5. 2003:0:1306:c008::2                       89.1%  1000   29.4  29.2  28.3  31.1   0.5
  6. ce-0-4-0-0.r03.frnkge03.de.ce.gin.ntt.net  0.0%  1000   34.2  34.1  33.4  58.6   1.9
  7. core4.hetzner.de                           0.0%  1000   34.3  34.0  33.5  47.1   0.8
  8. core21.hetzner.de                          0.0%  1000   35.4  35.9  35.2  58.0   2.0
  9. juniper3.rz10.hetzner.de                   0.0%  1000   38.8  38.2  35.6  68.5   3.0
 10. hos-tr1.ms-ex3k2.rz13.hetzner.de           0.0%  1000   42.3  44.3  36.5  63.8   5.0
 11. ???                                       100.0  1000    0.0   0.0   0.0   0.0   0.0
 12. h2t.preissler.me                           0.0%  1000   40.5  44.7  36.1  67.8   5.7
