HOST: alix                                      Loss%   Snt   Last   Avg  Best  Wrst StDev
  1. fritz.box                                  0.0%  1000    0.8   0.7   0.7   1.5   0.1
  2. 2003:0:1801:c201::1                        0.0%  1000   21.6  21.2  20.8  24.1   0.3
  3. 2003:0:1803:8318::2                        0.0%  1000   24.1  24.5  22.2  38.2   1.3
  4. 2003:0:1306:c000::1                        0.0%  1000   28.2  30.7  27.8 115.7   8.9
  5. 2003:0:1306:c008::2                       85.5%  1000   29.2  29.4  28.3  32.6   0.7
  6. ce-0-4-0-0.r03.frnkge03.de.ce.gin.ntt.net  0.3%  1000   50.4  52.9  37.8  78.2   4.1
  7. core4.hetzner.de                           0.1%  1000   52.4  52.8  37.9  65.5   3.4
  8. core21.hetzner.de                          0.1%  1000   54.2  54.7  39.4  81.2   3.7
  9. juniper3.rz10.hetzner.de                   0.1%  1000   53.1  56.3  40.1  92.7   5.5
 10. hos-tr1.ms-ex3k2.rz13.hetzner.de           0.0%  1000   52.0  56.7  41.2  66.3   3.6
 11. ???                                       100.0  1000    0.0   0.0   0.0   0.0   0.0
 12. h2t.preissler.me                           0.1%  1000   51.6  55.3  39.0  63.8   3.5
