HOST: alix                                      Loss%   Snt   Last   Avg  Best  Wrst StDev
  1. fritz.box                                  0.0%  1000    0.7   0.7   0.7   3.1   0.2
  2. 2003:0:1801:c201::1                        0.0%  1000   21.3  21.2  20.6  23.8   0.3
  3. 2003:0:1801:c218::2                        0.0%  1000   25.3  24.5  22.0  44.3   1.4
  4. 2003:0:1306:c000::1                        0.0%  1000   28.5  31.1  27.9  93.2   9.3
  5. 2003:0:1306:c008::2                       87.7%  1000   29.2  29.3  28.5  31.2   0.5
  6. ce-0-4-0-0.r03.frnkge03.de.ce.gin.ntt.net  0.5%  1000   56.7  56.2  52.9  80.3   2.0
  7. core4.hetzner.de                           1.1%  1000   55.6  56.1  53.2  68.2   0.9
  8. core21.hetzner.de                          0.6%  1000   58.5  58.0  55.2  81.2   2.1
  9. juniper3.rz10.hetzner.de                   0.8%  1000   58.7  58.5  55.3  90.6   2.9
 10. hos-tr1.ms-ex3k2.rz13.hetzner.de           0.2%  1000   59.8  59.1  55.6  67.6   1.2
 11. ???                                       100.0  1000    0.0   0.0   0.0   0.0   0.0
 12. h2t.preissler.me                           0.6%  1000   58.2  58.1  53.8  60.8   0.7
