HOST: alix                                      Loss%   Snt   Last   Avg  Best  Wrst StDev
  1. fritz.box                                  0.0%  1000    0.7   0.7   0.7   1.1   0.1
  2. 2003:0:1801:c201::1                        0.0%  1000   21.4  21.2  20.7  27.1   0.6
  3. 2003:0:1801:c218::2                        0.0%  1000   23.4  24.7  22.3  42.3   1.7
  4. 2003:0:1306:c000::1                        0.0%  1000   28.6  30.8  27.7 105.4   9.0
  5. 2003:0:1306:c008::2                       89.0%  1000   29.2  29.1  28.4  30.9   0.5
  6. ce-0-4-0-0.r03.frnkge03.de.ce.gin.ntt.net  0.0%  1000   33.8  34.1  33.4  56.6   1.8
  7. core4.hetzner.de                           0.0%  1000   33.6  34.2  33.5  57.6   1.6
  8. core21.hetzner.de                          0.0%  1000   36.1  35.8  35.2  55.6   1.7
  9. juniper3.rz10.hetzner.de                   0.0%  1000   37.9  38.8  35.7  70.6   4.0
 10. hos-tr1.ms-ex3k2.rz13.hetzner.de           0.0%  1000   41.8  41.5  36.4  56.7   3.1
 11. ???                                       100.0  1000    0.0   0.0   0.0   0.0   0.0
 12. h2t.preissler.me                           0.0%  1000   42.8  40.8  35.8  52.8   3.2
