HOST: alix                                      Loss%   Snt   Last   Avg  Best  Wrst StDev
  1. fritz.box                                  0.0%  1000    0.8   0.7   0.7   2.1   0.1
  2. 2003:0:1801:c201::1                        0.0%  1000   21.7  21.3  20.7  24.1   0.3
  3. 2003:0:1803:8318::2                        0.0%  1000   24.9  24.6  22.2  49.4   1.8
  4. 2003:0:1306:c000::1                        0.0%  1000   28.4  31.3  27.7  95.1   9.1
  5. 2003:0:1306:c008::2                       72.7%  1000   46.4  56.3  38.4  86.4   7.0
  6. ce-0-4-0-0.r03.frnkge03.de.ce.gin.ntt.net  0.2%  1000   79.4  60.7  41.6  98.4   9.3
  7. core4.hetzner.de                           0.2%  1000   76.8  60.0  41.6  94.9   8.7
  8. core21.hetzner.de                          0.1%  1000   78.7  62.1  42.9  99.9   8.9
  9. juniper3.rz10.hetzner.de                   0.1%  1000   82.0  62.5  46.4 102.5   9.2
 10. hos-tr1.ms-ex3k2.rz13.hetzner.de           0.1%  1000   81.0  62.9  44.6  98.9   8.8
 11. ???                                       100.0  1000    0.0   0.0   0.0   0.0   0.0
 12. h2t.preissler.me                           0.1%  1000   79.5  62.2  44.4  95.9   8.7
