HOST: alix                                      Loss%   Snt   Last   Avg  Best  Wrst StDev
  1. fritz.box                                  0.0%  1000    0.8   0.7   0.7   1.2   0.1
  2. 2003:0:1801:c201::1                        0.0%  1000   21.3  21.3  20.7  23.8   0.4
  3. 2003:0:1803:8318::2                        0.0%  1000   27.2  24.6  21.8  41.9   1.3
  4. 2003:0:1306:c000::1                        0.0%  1000   28.2  31.1  27.9  94.6   9.2
  5. 2003:0:1306:c008::2                       92.8%  1000   34.4  29.7  28.3  34.4   1.0
  6. ce-0-4-0-0.r03.frnkge03.de.ce.gin.ntt.net  1.2%  1000   56.6  56.7  54.8  77.8   1.7
  7. core4.hetzner.de                           1.2%  1000   62.8  56.6  52.9  66.2   1.0
  8. core21.hetzner.de                          1.5%  1000   58.5  58.5  55.5  79.9   2.1
  9. juniper3.rz10.hetzner.de                   1.3%  1000   58.8  59.4  57.3  91.0   2.9
 10. hos-tr1.ms-ex3k2.rz13.hetzner.de           1.5%  1000   60.6  60.0  58.5  66.3   0.9
 11. ???                                       100.0  1000    0.0   0.0   0.0   0.0   0.0
 12. h2t.preissler.me                           1.4%  1000   58.4  58.3  56.7  65.8   0.7
