HOST: alix                                      Loss%   Snt   Last   Avg  Best  Wrst StDev
  1. fritz.box                                  0.0%  1000    0.7   0.7   0.7   3.0   0.1
  2. 2003:0:1801:c201::1                        0.0%  1000   21.4  21.1  20.7  24.0   0.3
  3. 2003:0:1803:8318::2                        0.0%  1000   25.2  24.7  22.1  40.2   1.4
  4. 2003:0:1306:c000::1                        0.0%  1000   39.5  31.1  27.7 108.9   9.8
  5. 2003:0:1306:c008::2                       81.8%  1000   29.2  29.8  28.3  62.4   3.6
  6. ce-0-4-0-0.r03.frnkge03.de.ce.gin.ntt.net  0.0%  1000   34.4  34.1  33.3  57.0   1.8
  7. core4.hetzner.de                           0.0%  1000   33.7  34.2  33.6  51.1   1.1
  8. core21.hetzner.de                          0.0%  1000   35.8  35.9  35.2  58.3   1.8
  9. juniper3.rz10.hetzner.de                   0.0%  1000   36.3  37.2  35.5  69.4   4.1
 10. hos-tr1.ms-ex3k2.rz13.hetzner.de           0.0%  1000   37.4  37.8  36.4  44.6   1.2
 11. ???                                       100.0  1000    0.0   0.0   0.0   0.0   0.0
 12. h2t.preissler.me                           0.0%  1000   36.1  36.7  35.6  42.4   1.0
