HOST: alix                             Loss%   Snt   Last   Avg  Best  Wrst StDev
  1. fritz.box                         0.0%  1000    0.8   0.7   0.7   2.4   0.1
  2. 2003:0:1801:c201::1               0.0%  1000   21.3  21.3  20.8  29.7   0.4
  3. 2003:0:1803:8318::2               0.0%  1000   25.3  24.6  22.2  34.1   1.3
  4. 2003:0:1308:4000::1               0.0%  1000   28.1  28.1  27.0  87.3   4.3
  5. 2003:0:1308:4007::2               0.0%  1000   36.5  30.9  27.4  89.2   5.3
  6. xe-3-0-0.fra28.ip6.gtt.net        0.0%  1000   34.1  30.6  27.2  67.4   4.8
  7. hetzner-online-gw.ip4.gtt.net     0.8%  1000   62.8  58.6  52.0  88.6   4.4
  8. core1.hetzner.de                  1.5%  1000   63.7  57.7  49.5  82.7   4.4
  9. core21.hetzner.de                 0.9%  1000   65.3  59.7  52.9  85.0   4.4
 10. juniper3.rz10.hetzner.de          0.4%  1000   63.4  60.1  54.1  92.3   4.2
 11. hos-tr3.ms-ex3k2.rz13.hetzner.de  0.9%  1000   61.4  61.4  55.0  79.7   3.6
 12. ???                              100.0  1000    0.0   0.0   0.0   0.0   0.0
 13. h2t.preissler.me                  0.6%  1000   66.2  59.3  53.5  77.8   3.6
