HOST: alix                                      Loss%   Snt   Last   Avg  Best  Wrst StDev
  1. fritz.box                                  0.0%  1000    0.8   0.7   0.7   1.3   0.1
  2. 2003:0:1801:c201::1                        0.0%  1000   21.2  21.3  20.7  72.7   2.5
  3. 2003:0:1803:8318::2                        0.0%  1000   25.9  24.8  22.1  74.3   2.6
  4. 2003:0:1306:c000::1                        0.0%  1000   28.6  31.3  27.8  95.4   9.7
  5. 2003:0:1306:c008::2                       86.8%  1000   29.6  29.6  28.4  89.4   5.3
  6. ce-0-4-0-0.r03.frnkge03.de.ce.gin.ntt.net  0.0%  1000   34.0  34.3  33.3  89.0   3.4
  7. core4.hetzner.de                           0.1%  1000   33.7  34.3  33.5  94.9   3.6
  8. core21.hetzner.de                          0.0%  1000   35.7  36.0  35.2 114.7   3.4
  9. juniper3.rz10.hetzner.de                   0.0%  1000   36.4  36.9  35.6  94.1   4.1
 10. hos-tr1.ms-ex3k2.rz13.hetzner.de           0.0%  1000   37.0  37.9  36.2  95.0   2.2
 11. ???                                       100.0  1000    0.0   0.0   0.0   0.0   0.0
 12. h2t.preissler.me                           0.0%  1000   36.9  37.0  35.6  93.4   2.0
