HOST: alix                                      Loss%   Snt   Last   Avg  Best  Wrst StDev
  1. fritz.box                                  0.0%  1000    0.8   0.7   0.7   1.1   0.1
  2. 2003:0:1801:c201::1                        0.0%  1000   21.2  21.1  20.7  23.5   0.3
  3. 2003:0:1801:c218::2                        0.0%  1000   25.8  24.7  22.3  41.5   1.4
  4. 2003:0:1306:c000::1                        0.0%  1000   28.7  31.1  27.5  99.4   9.5
  5. 2003:0:1306:c008::2                       89.4%  1000   29.3  29.1  28.5  30.6   0.3
  6. ce-0-4-0-0.r03.frnkge03.de.ce.gin.ntt.net  0.0%  1000   34.0  34.1  33.3  56.0   1.9
  7. core4.hetzner.de                           0.0%  1000   34.3  34.2  33.5  56.3   2.0
  8. core21.hetzner.de                          0.0%  1000   35.4  36.1  35.2  60.3   2.7
  9. juniper3.rz10.hetzner.de                   0.0%  1000   36.5  36.7  35.5  68.5   3.6
 10. hos-tr1.ms-ex3k2.rz13.hetzner.de           0.0%  1000   36.6  37.0  36.3  49.1   0.9
 11. ???                                       100.0  1000    0.0   0.0   0.0   0.0   0.0
 12. h2t.preissler.me                           0.0%  1000   36.7  36.1  35.5  39.8   0.4
