HOST: alix                                      Loss%   Snt   Last   Avg  Best  Wrst StDev
  1. fritz.box                                  0.0%  1000    0.8   0.7   0.7   8.0   0.3
  2. 2003:0:1801:c201::1                        0.0%  1000   21.3  21.2  20.7  48.7   1.1
  3. 2003:0:1803:8318::2                        0.0%  1000   24.9  24.6  22.3  30.0   1.3
  4. 2003:0:1306:c000::1                        0.0%  1000   28.5  30.6  27.6  93.2   8.3
  5. 2003:0:1306:c008::2                       90.2%  1000   28.9  29.3  28.5  42.6   1.4
  6. ce-0-4-0-0.r03.frnkge03.de.ce.gin.ntt.net  0.0%  1000   34.0  34.4  33.3  58.3   2.5
  7. core4.hetzner.de                           0.0%  1000   34.1  34.1  33.6  43.3   0.7
  8. core21.hetzner.de                          0.0%  1000   35.6  36.0  35.2  58.9   2.4
  9. juniper3.rz10.hetzner.de                   0.0%  1000   44.9  41.7  36.0  77.4   4.5
 10. hos-tr1.ms-ex3k2.rz13.hetzner.de           0.0%  1000   41.3  43.9  37.3  66.0   4.3
 11. ???                                       100.0  1000    0.0   0.0   0.0   0.0   0.0
 12. h2t.preissler.me                           0.0%  1000   40.9  41.8  35.3  54.0   3.8
