HOST: alix                             Loss%   Snt   Last   Avg  Best  Wrst StDev
  1. fritz.box                         0.0%  1000    0.7   0.7   0.7   1.3   0.1
  2. 2003:0:1801:c201::1               0.0%  1000   21.1  21.3  20.7  26.3   0.5
  3. 2003:0:1801:c218::2               0.0%  1000   25.8  24.7  22.2  43.0   1.5
  4. 2003:0:1308:4000::1               0.0%  1000   27.4  28.0  27.1  71.6   3.2
  5. 2003:0:1308:4007::2               0.0%  1000   27.7  39.8  27.2  95.8  12.7
  6. xe-2-0-1.fra28.ip6.gtt.net        0.0%  1000   27.4  39.3  27.2  88.7  12.0
  7. hetzner-online-gw.ip4.gtt.net     0.0%  1000   34.0  45.6  33.6  82.5  11.9
  8. core1.hetzner.de                  1.1%  1000   33.6  45.0  33.0  83.8  12.1
  9. core21.hetzner.de                 0.0%  1000   38.0  47.6  35.3  86.1  12.2
 10. juniper3.rz10.hetzner.de          0.0%  1000   37.3  48.2  35.7 104.4  12.5
 11. hos-tr1.ms-ex3k2.rz13.hetzner.de  0.0%  1000   39.0  48.6  36.4  81.4  11.8
 12. ???                              100.0  1000    0.0   0.0   0.0   0.0   0.0
 13. h2t.preissler.me                  0.0%  1000   38.4  46.8  35.0  81.1  11.7
