HOST: alix                                      Loss%   Snt   Last   Avg  Best  Wrst StDev
  1. fritz.box                                  0.0%  1000    0.8   0.7   0.7   1.2   0.1
  2. 2003:0:1801:c201::1                        0.0%  1000   21.5  21.3  20.7  23.9   0.5
  3. 2003:0:1803:8318::2                        0.0%  1000   23.1  24.6  22.1  39.0   1.3
  4. 2003:0:1306:c000::1                        0.0%  1000   28.6  33.1  27.4 262.1  18.1
  5. 2003:0:1306:c008::2                       91.3%  1000   29.1  29.1  28.4  31.1   0.6
  6. ce-0-4-0-0.r03.frnkge03.de.ce.gin.ntt.net  0.0%  1000   34.0  34.1  33.1  56.2   2.2
  7. core4.hetzner.de                           0.0%  1000   34.1  34.1  33.6  44.1   0.8
  8. core21.hetzner.de                          0.0%  1000   35.5  36.2  35.2  59.0   2.1
  9. juniper3.rz10.hetzner.de                   0.0%  1000   36.8  41.6  35.8  73.4   4.8
 10. hos-tr1.ms-ex3k2.rz13.hetzner.de           0.0%  1000   43.2  48.6  37.1  80.7   6.4
 11. ???                                       100.0  1000    0.0   0.0   0.0   0.0   0.0
 12. h2t.preissler.me                           0.0%  1000   40.3  45.8  36.2  62.7   4.6
