HOST: alix                                      Loss%   Snt   Last   Avg  Best  Wrst StDev
  1. fritz.box                                  0.0%  1000    0.8   0.7   0.7   6.3   0.2
  2. 2003:0:1801:c201::1                        0.0%  1000   21.4  21.2  20.8  23.3   0.3
  3. 2003:0:1801:c218::2                        0.0%  1000   22.7  24.7  22.1  58.4   1.6
  4. 2003:0:1306:c000::1                        0.0%  1000   48.0  30.7  27.8 103.2   9.3
  5. 2003:0:1306:c008::2                       64.2%  1000   29.1  29.1  28.3  32.7   0.5
  6. ce-0-4-0-0.r03.frnkge03.de.ce.gin.ntt.net  0.0%  1000   34.1  34.2  33.4  56.2   2.0
  7. core4.hetzner.de                           0.0%  1000   34.3  34.0  33.6  44.0   0.6
  8. core21.hetzner.de                          0.0%  1000   35.9  35.9  35.3  59.0   1.8
  9. juniper3.rz10.hetzner.de                   0.0%  1000   36.4  36.5  35.5  66.1   2.5
 10. hos-tr1.ms-ex3k2.rz13.hetzner.de           0.0%  1000   37.3  37.4  36.4  50.7   1.1
 11. ???                                       100.0  1000    0.0   0.0   0.0   0.0   0.0
 12. h2t.preissler.me                           0.0%  1000   37.7  36.6  35.6  42.9   1.0
