HOST: alix                                      Loss%   Snt   Last   Avg  Best  Wrst StDev
  1. fritz.box                                  0.0%  1000    0.8   0.7   0.7   2.7   0.1
  2. 2003:0:1801:c201::1                        0.0%  1000   21.6  21.5  20.7  78.5   3.1
  3. 2003:0:1803:8318::2                        0.0%  1000   23.3  24.7  22.1  84.0   3.2
  4. 2003:0:1306:c000::1                        0.0%  1000   28.6  31.3  27.6 100.0   9.4
  5. 2003:0:1306:c008::2                       80.6%  1000   33.6  29.9  28.4  42.3   1.7
  6. ce-0-4-0-0.r03.frnkge03.de.ce.gin.ntt.net  0.0%  1000   36.0  39.7  33.5  88.5   6.7
  7. core4.hetzner.de                           0.0%  1000   34.7  39.8  33.6  90.2   6.7
  8. core21.hetzner.de                          0.0%  1000   36.2  41.7  35.4 105.9   6.8
  9. juniper3.rz10.hetzner.de                   0.1%  1000   37.2  42.2  35.7 100.4   7.1
 10. hos-tr1.ms-ex3k2.rz13.hetzner.de           0.0%  1000   37.1  42.8  36.5 110.8   6.9
 11. ???                                       100.0  1000    0.0   0.0   0.0   0.0   0.0
 12. h2t.preissler.me                           0.0%  1000   37.0  41.4  35.8  86.4   5.9
