HOST: alix                                      Loss%   Snt   Last   Avg  Best  Wrst StDev
  1. fritz.box                                  0.0%  1000    0.7   0.7   0.7   1.3   0.1
  2. 2003:0:1801:c201::1                        0.0%  1000   21.6  21.1  20.7  24.6   0.4
  3. 2003:0:1803:8318::2                        0.0%  1000   23.2  24.6  22.3  29.9   1.2
  4. 2003:0:1306:c000::1                        0.0%  1000   28.1  30.7  27.6  99.7   8.8
  5. 2003:0:1306:c008::2                       92.5%  1000   29.2  29.2  28.6  31.8   0.7
  6. ce-0-4-0-0.r03.frnkge03.de.ce.gin.ntt.net  0.0%  1000   34.4  34.1  33.3  56.4   2.3
  7. core4.hetzner.de                           0.0%  1000   34.3  34.0  33.5  43.0   0.6
  8. core21.hetzner.de                          0.0%  1000   36.0  35.9  35.2  56.3   1.7
  9. juniper3.rz10.hetzner.de                   0.0%  1000   36.4  37.8  35.6  79.3   4.8
 10. hos-tr1.ms-ex3k2.rz13.hetzner.de           0.0%  1000   37.0  37.2  36.2  47.9   1.1
 11. ???                                       100.0  1000    0.0   0.0   0.0   0.0   0.0
 12. h2t.preissler.me                           0.0%  1000   36.3  36.2  35.5  40.1   0.5
