HOST: alix                             Loss%   Snt   Last   Avg  Best  Wrst StDev
  1. fritz.box                         0.0%  1000    0.8   0.7   0.7   2.1   0.1
  2. 2003:0:1801:c201::1               0.0%  1000   21.4  21.3  20.8  46.6   1.3
  3. 2003:0:1801:c218::2               0.0%  1000   22.9  24.7  22.2  45.2   1.6
  4. 2003:0:1308:4000::1               0.0%  1000   27.9  28.1  26.9  73.5   3.2
  5. 2003:0:1308:4007::2               0.0%  1000   44.5  31.5  27.4  74.4   6.4
  6. xe-3-0-0.fra28.ip6.gtt.net        0.0%  1000   43.9  31.5  27.1  89.1   7.0
  7. hetzner-online-gw.ip4.gtt.net     0.6%  1000   51.6  37.6  33.9  73.5   6.0
  8. core1.hetzner.de                  0.3%  1000   48.3  36.8  32.9  78.3   6.1
  9. core21.hetzner.de                 0.0%  1000   53.4  38.9  35.0  73.1   6.2
 10. juniper3.rz10.hetzner.de          0.0%  1000   51.5  39.8  35.2  78.9   6.9
 11. hos-tr3.ms-ex3k2.rz13.hetzner.de  0.0%  1000   50.1  40.7  36.8  66.4   5.9
 12. ???                              100.0  1000    0.0   0.0   0.0   0.0   0.0
 13. h2t.preissler.me                  0.0%  1000   50.8  38.6  34.9  65.7   5.7
