HOST: alix                                      Loss%   Snt   Last   Avg  Best  Wrst StDev
  1. fritz.box                                  0.0%  1000    0.7   0.7   0.7   1.9   0.1
  2. 2003:0:1801:c201::1                        0.0%  1000   21.7  21.2  20.7  28.1   0.5
  3. 2003:0:1801:c218::2                        2.5%  1000   26.8  24.5  22.1  54.0   1.8
  4. 2003:0:1306:c000::1                        0.0%  1000   28.4  31.2  27.6 115.0   9.7
  5. 2003:0:1306:c008::2                       90.1%  1000   30.1  29.4  28.6  36.9   1.0
  6. ce-0-4-0-0.r03.frnkge03.de.ce.gin.ntt.net  0.9%  1000   56.4  56.1  50.7  83.4   2.3
  7. core4.hetzner.de                           0.8%  1000   56.4  56.2  52.2  82.4   1.9
  8. core21.hetzner.de                          0.3%  1000   58.7  58.0  53.3 111.6   2.5
  9. juniper3.rz10.hetzner.de                   0.6%  1000   58.2  58.4  54.2  89.0   3.1
 10. hos-tr1.ms-ex3k2.rz13.hetzner.de           0.9%  1000   58.3  58.9  53.7  66.2   1.1
 11. ???                                       100.0  1000    0.0   0.0   0.0   0.0   0.0
 12. h2t.preissler.me                           0.4%  1000   58.2  58.2  52.8  64.4   1.2
