HOST: alix                                      Loss%   Snt   Last   Avg  Best  Wrst StDev
  1. fritz.box                                  0.0%  1000    0.7   0.7   0.7   3.6   0.2
  2. 2003:0:1801:c201::1                        0.0%  1000   21.6  22.4  20.7  75.7   6.0
  3. 2003:0:1803:8318::2                        1.2%  1000   23.9  25.8  22.0  78.9   6.3
  4. 2003:0:1306:c000::1                        0.0%  1000   28.3  32.2  27.7 123.5  11.8
  5. 2003:0:1306:c008::2                       82.3%  1000   28.9  30.3  28.4  85.3   6.1
  6. ce-0-4-0-0.r03.frnkge03.de.ce.gin.ntt.net  1.0%  1000   56.2  57.4  54.6 120.9   6.0
  7. core4.hetzner.de                           1.5%  1000   57.0  57.5  53.7 119.9   6.1
  8. core21.hetzner.de                          1.1%  1000   58.3  59.7  54.8 123.9   6.9
  9. juniper3.rz10.hetzner.de                   1.3%  1000   58.1  59.9  57.1 115.8   6.7
 10. hos-tr1.ms-ex3k2.rz13.hetzner.de           1.3%  1000   59.4  60.5  57.4 117.4   6.4
 11. ???                                       100.0  1000    0.0   0.0   0.0   0.0   0.0
 12. h2t.preissler.me                           1.3%  1000   59.0  59.4  57.1 113.1   5.3
