HOST: alix                             Loss%   Snt   Last   Avg  Best  Wrst StDev
  1. fritz.box                         0.0%  1000    0.9   0.7   0.7   4.2   0.3
  2. 2003:0:1801:c201::1               0.0%  1000   21.7  23.0  20.8  84.6   9.2
  3. 2003:0:1803:8318::2               0.1%  1000   24.0  26.3  22.3  89.0   8.7
  4. 2003:0:1308:4000::1               0.0%  1000   28.2  29.9  27.0 114.1   9.9
  5. 2003:0:1308:4007::2               0.0%  1000   58.6 101.8  50.4 173.9  16.7
  6. fra44.ip6.gtt.net                 0.0%  1000   66.6 113.7  56.8 189.7  18.7
  7. hetzner-online-gw.ip4.gtt.net     1.3%  1000   95.9 141.4  86.4 214.2  18.8
  8. core1.hetzner.de                  1.1%  1000  100.3 140.8  83.6 212.9  18.6
  9. core21.hetzner.de                 0.9%  1000   99.5 142.6  85.5 211.8  18.5
 10. juniper3.rz10.hetzner.de          0.6%  1000  100.0 143.3  85.4 213.5  18.9
 11. hos-tr3.ms-ex3k2.rz13.hetzner.de  0.8%  1000  103.4 144.3  89.1 216.1  18.6
 12. ???                              100.0  1000    0.0   0.0   0.0   0.0   0.0
 13. h2t.preissler.me                  1.1%  1000   96.7 142.4  86.2 216.6  18.8
