HOST: alix                                      Loss%   Snt   Last   Avg  Best  Wrst StDev
  1. fritz.box                                  0.0%  1000    0.8   0.7   0.7   1.7   0.1
  2. 2003:0:1801:c201::1                        0.0%  1000   21.2  21.2  20.7  30.9   0.5
  3. 2003:0:1801:c218::2                        0.3%  1000   24.0  24.7  22.0  39.6   1.3
  4. 2003:0:1306:c000::1                        0.0%  1000   49.4  30.6  27.6  92.6   8.4
  5. 2003:0:1306:c008::2                       91.8%  1000   28.7  29.4  28.3  33.8   0.9
  6. ce-0-4-0-0.r03.frnkge03.de.ce.gin.ntt.net  0.0%  1000   34.0  34.1  33.3  56.8   2.0
  7. core4.hetzner.de                           0.0%  1000   33.6  34.1  33.5  43.2   0.7
  8. core21.hetzner.de                          0.0%  1000   35.6  36.0  35.2  57.7   2.1
  9. juniper3.rz10.hetzner.de                   0.0%  1000   36.7  36.7  35.6  75.7   3.5
 10. hos-tr1.ms-ex3k2.rz13.hetzner.de           0.0%  1000   36.6  37.1  36.0  47.6   1.0
 11. ???                                       100.0  1000    0.0   0.0   0.0   0.0   0.0
 12. h2t.preissler.me                           0.0%  1000   35.6  36.1  35.5  42.8   0.5
