HOST: alix                                      Loss%   Snt   Last   Avg  Best  Wrst StDev
  1. fritz.box                                  0.0%  1000    0.8   0.7   0.7   1.2   0.1
  2. 2003:0:1801:c201::1                        0.0%  1000   21.6  21.2  20.7  23.8   0.4
  3. 2003:0:1803:8318::2                        0.0%  1000   25.8  24.7  22.3  40.4   1.4
  4. 2003:0:1306:c000::1                        0.0%  1000   28.3  31.0  27.6 112.4   9.5
  5. 2003:0:1306:c008::2                       81.1%  1000   29.9  29.5  28.6  35.0   1.0
  6. ce-0-4-0-0.r03.frnkge03.de.ce.gin.ntt.net  0.0%  1000   34.5  34.9  33.4  75.3   3.4
  7. core4.hetzner.de                           0.0%  1000   35.0  34.5  33.6  61.6   2.0
  8. core21.hetzner.de                          0.0%  1000   36.1  36.4  35.3  58.1   2.5
  9. juniper3.rz10.hetzner.de                   0.0%  1000   36.2  36.9  35.7  68.7   3.5
 10. hos-tr1.ms-ex3k2.rz13.hetzner.de           0.0%  1000   37.3  37.4  36.2  48.7   1.3
 11. ???                                       100.0  1000    0.0   0.0   0.0   0.0   0.0
 12. h2t.preissler.me                           0.0%  1000   36.6  36.4  35.5  61.3   1.2
