HOST: alix                             Loss%   Snt   Last   Avg  Best  Wrst StDev
  1. fritz.box                         0.0%  1000    0.7   0.7   0.7   1.1   0.1
  2. 2003:0:1801:c201::1               0.0%  1000   21.3  21.3  20.7  24.1   0.5
  3. 2003:0:1801:c218::2               0.0%  1000   25.1  24.6  22.3  31.3   1.3
  4. 2003:0:1308:4000::1               0.0%  1000   27.7  28.1  27.0  77.7   4.0
  5. 2003:0:1308:4007::2               0.0%  1000   28.3  28.5  27.3  76.2   4.0
  6. xe-2-0-2.fra28.ip6.gtt.net        0.0%  1000   27.7  28.2  27.0  85.8   3.8
  7. hetzner-online-gw.ip4.gtt.net     0.0%  1000   34.5  34.8  33.8  61.1   2.7
  8. core1.hetzner.de                  0.2%  1000   33.6  33.6  32.9  53.3   1.4
  9. core21.hetzner.de                 0.0%  1000   35.9  36.0  35.0  61.0   2.6
 10. juniper3.rz10.hetzner.de          0.0%  1000   37.9  37.3  35.5  70.6   3.4
 11. hos-tr3.ms-ex3k2.rz13.hetzner.de  0.0%  1000   40.2  39.2  36.8  47.9   1.6
 12. ???                              100.0  1000    0.0   0.0   0.0   0.0   0.0
 13. h2t.preissler.me                  0.0%  1000   36.5  37.1  35.0  43.1   1.4
