HOST: alix                                      Loss%   Snt   Last   Avg  Best  Wrst StDev
  1. fritz.box                                  0.0%  1000    0.8   0.7   0.7   1.3   0.1
  2. 2003:0:1801:c201::1                        0.0%  1000   21.5  21.3  20.7  33.7   0.6
  3. 2003:0:1803:8318::2                        0.0%  1000   23.9  24.5  22.2  35.8   1.3
  4. 2003:0:1306:c000::1                        0.0%  1000   28.2  30.6  27.9  95.2   9.3
  5. 2003:0:1306:c008::2                       91.0%  1000   29.4  29.3  28.4  32.8   0.6
  6. ce-0-4-0-0.r03.frnkge03.de.ce.gin.ntt.net  0.0%  1000   34.8  34.4  33.4  56.6   2.2
  7. core4.hetzner.de                           0.0%  1000   33.8  34.0  33.6  42.8   0.6
  8. core21.hetzner.de                          0.0%  1000   35.7  36.0  35.2  57.6   2.2
  9. juniper3.rz10.hetzner.de                   0.0%  1000   35.9  36.5  35.6  67.3   3.1
 10. hos-tr1.ms-ex3k2.rz13.hetzner.de           0.0%  1000   37.0  37.1  36.2  45.9   0.9
 11. ???                                       100.0  1000    0.0   0.0   0.0   0.0   0.0
 12. h2t.preissler.me                           0.0%  1000   36.0  36.1  35.5  40.9   0.5
