HOST: alix                                      Loss%   Snt   Last   Avg  Best  Wrst StDev
  1. fritz.box                                  0.0%  1000    0.7   0.7   0.7   1.1   0.1
  2. 2003:0:1801:c201::1                        0.0%  1000   21.4  21.2  20.7  42.4   1.3
  3. 2003:0:1803:8318::2                        0.0%  1000   24.3  24.8  22.2  54.4   2.0
  4. 2003:0:1306:c000::1                        0.0%  1000   28.6  31.1  27.7 118.5  10.0
  5. 2003:0:1306:c008::2                       92.5%  1000   29.4  29.2  28.3  31.0   0.6
  6. ce-0-4-0-0.r03.frnkge03.de.ce.gin.ntt.net  0.0%  1000   34.4  34.4  33.3  85.2   3.0
  7. core4.hetzner.de                           0.0%  1000   34.4  34.2  33.5  84.8   2.5
  8. core21.hetzner.de                          0.0%  1000   35.6  36.0  35.1  95.7   2.9
  9. juniper3.rz10.hetzner.de                   0.0%  1000   36.0  37.3  35.7  79.6   3.9
 10. hos-tr1.ms-ex3k2.rz13.hetzner.de           0.0%  1000   37.4  38.2  36.3  66.7   1.9
 11. ???                                       100.0  1000    0.0   0.0   0.0   0.0   0.0
 12. h2t.preissler.me                           0.0%  1000   37.0  37.0  35.7  58.2   1.4
