HOST: alix                                      Loss%   Snt   Last   Avg  Best  Wrst StDev
  1. fritz.box                                  0.0%  1000    0.8   0.7   0.7   1.6   0.1
  2. 2003:0:1801:c201::1                        0.0%  1000   21.9  21.2  20.8  25.9   0.4
  3. 2003:0:1803:8318::2                        0.0%  1000   23.0  24.5  22.3  31.7   1.3
  4. 2003:0:1306:c000::1                        0.0%  1000   28.6  31.2  27.8 126.1  10.1
  5. 2003:0:1306:c008::2                       73.6%  1000   38.1  32.1  28.3  52.6   4.3
  6. ce-0-4-0-0.r03.frnkge03.de.ce.gin.ntt.net  0.1%  1000   58.8  55.7  43.7  90.0   3.7
  7. core4.hetzner.de                           0.3%  1000   61.9  55.5  44.2  73.1   2.8
  8. core21.hetzner.de                          0.5%  1000   58.6  57.3  44.7  82.0   3.2
  9. juniper3.rz10.hetzner.de                   0.0%  1000   58.1  57.9  48.5  93.1   3.8
 10. hos-tr1.ms-ex3k2.rz13.hetzner.de           0.2%  1000   59.4  58.6  49.4  75.6   2.9
 11. ???                                       100.0  1000    0.0   0.0   0.0   0.0   0.0
 12. h2t.preissler.me                           0.6%  1000   59.1  57.6  49.6  74.2   2.8
