HOST: alix                                      Loss%   Snt   Last   Avg  Best  Wrst StDev
  1. fritz.box                                  0.0%  1000    0.8   0.7   0.7   2.0   0.1
  2. 2003:0:1801:c201::1                        0.0%  1000   21.8  21.2  20.7  30.7   0.5
  3. 2003:0:1801:c218::2                        0.0%  1000   23.8  24.6  22.0  40.2   1.5
  4. 2003:0:1306:c000::1                        0.0%  1000   28.2  31.0  27.6  94.0   9.3
  5. 2003:0:1306:c008::2                       74.1%  1000   30.3  32.0  28.6  52.4   4.4
  6. ce-0-4-0-0.r03.frnkge03.de.ce.gin.ntt.net  0.0%  1000   33.9  38.4  33.6  74.5   5.8
  7. core4.hetzner.de                           0.0%  1000   34.8  38.2  33.6  94.9   5.7
  8. core21.hetzner.de                          0.0%  1000   36.2  40.0  35.3  66.8   5.4
  9. juniper3.rz10.hetzner.de                   0.0%  1000   36.8  40.8  35.7  72.4   6.0
 10. hos-tr1.ms-ex3k2.rz13.hetzner.de           0.0%  1000   36.8  41.5  36.4  71.4   5.5
 11. ???                                       100.0  1000    0.0   0.0   0.0   0.0   0.0
 12. h2t.preissler.me                           0.0%  1000   36.5  40.3  35.7  98.1   5.8
