HOST: alix                                      Loss%   Snt   Last   Avg  Best  Wrst StDev
  1. fritz.box                                  0.0%  1000    0.9   0.7   0.7   1.2   0.1
  2. 2003:0:1801:c201::1                        0.0%  1000   21.6  21.2  20.7  27.7   0.5
  3. 2003:0:1803:8318::2                        0.0%  1000   25.3  24.7  22.2  39.0   1.3
  4. 2003:0:1306:c000::1                        0.0%  1000   28.6  30.4  27.6  90.8   8.3
  5. 2003:0:1306:c008::2                       90.1%  1000   28.9  29.2  28.5  31.3   0.5
  6. ce-0-4-0-0.r03.frnkge03.de.ce.gin.ntt.net  0.0%  1000   34.4  34.1  33.4  57.5   1.8
  7. core4.hetzner.de                           0.0%  1000   34.4  34.0  33.6  42.1   0.5
  8. core21.hetzner.de                          0.0%  1000   36.2  36.2  35.2  60.5   3.1
  9. juniper3.rz10.hetzner.de                   0.0%  1000   36.6  39.6  35.7  72.7   4.4
 10. hos-tr1.ms-ex3k2.rz13.hetzner.de           0.0%  1000   39.3  42.2  36.5  63.6   3.3
 11. ???                                       100.0  1000    0.0   0.0   0.0   0.0   0.0
 12. h2t.preissler.me                           0.0%  1000   38.5  41.2  36.2  54.5   3.1
