HOST: alix                                      Loss%   Snt   Last   Avg  Best  Wrst StDev
  1. fritz.box                                  0.0%  1000    0.8   0.7   0.7   1.3   0.1
  2. 2003:0:1801:c201::1                        0.0%  1000   21.7  21.2  20.7  24.0   0.4
  3. 2003:0:1803:8318::2                        0.0%  1000   25.0  24.5  22.2  38.2   1.3
  4. 2003:0:1306:c000::1                        0.0%  1000   62.4  30.7  27.5 117.7   9.4
  5. 2003:0:1306:c008::2                       88.8%  1000   28.8  30.2  28.4  81.3   5.0
  6. ce-0-4-0-0.r03.frnkge03.de.ce.gin.ntt.net  0.0%  1000   34.3  34.0  33.4  47.0   0.7
  7. core4.hetzner.de                           0.0%  1000   33.9  34.1  33.6  41.5   0.7
  8. core21.hetzner.de                          0.0%  1000   35.5  36.0  35.2  57.0   2.0
  9. juniper3.rz10.hetzner.de                   0.0%  1000   38.1  37.1  35.5  68.4   3.5
 10. hos-tr1.ms-ex3k2.rz13.hetzner.de           0.0%  1000   37.2  37.2  36.3  54.0   1.3
 11. ???                                       100.0  1000    0.0   0.0   0.0   0.0   0.0
 12. h2t.preissler.me                           0.0%  1000   36.1  36.1  35.5  42.7   0.4
