HOST: alix                                      Loss%   Snt   Last   Avg  Best  Wrst StDev
  1. fritz.box                                  0.0%  1000    0.8   0.7   0.7   1.2   0.1
  2. 2003:0:1801:c201::1                        0.0%  1000   21.2  21.2  20.8  24.0   0.4
  3. 2003:0:1803:8318::2                        0.2%  1000   24.4  24.5  22.1  38.4   1.3
  4. 2003:0:1306:c000::1                        0.0%  1000   28.4  30.9  27.7 119.5   9.4
  5. 2003:0:1306:c008::2                       89.3%  1000   31.2  29.4  28.3  31.3   0.6
  6. ce-0-4-0-0.r03.frnkge03.de.ce.gin.ntt.net  0.0%  1000   34.0  34.0  33.3  54.1   1.5
  7. core4.hetzner.de                           0.0%  1000   34.2  34.1  33.6  43.5   0.7
  8. core21.hetzner.de                          0.0%  1000   36.2  35.9  35.2  58.0   2.2
  9. juniper3.rz10.hetzner.de                   0.0%  1000   36.3  36.4  35.6  66.1   2.6
 10. hos-tr1.ms-ex3k2.rz13.hetzner.de           0.0%  1000   38.2  37.0  36.1  45.1   0.7
 11. ???                                       100.0  1000    0.0   0.0   0.0   0.0   0.0
 12. h2t.preissler.me                           0.0%  1000   36.9  36.0  35.5  39.1   0.4
