HOST: alix                                      Loss%   Snt   Last   Avg  Best  Wrst StDev
  1. fritz.box                                  0.0%  1000    0.8   0.7   0.7   2.2   0.1
  2. 2003:0:1801:c201::1                        0.0%  1000   21.7  21.2  20.8  25.7   0.3
  3. 2003:0:1803:8318::2                        0.0%  1000   24.3  24.7  22.4  43.3   1.6
  4. 2003:0:1306:c000::1                        0.0%  1000   27.7  31.7  27.7 124.6  10.5
  5. 2003:0:1306:c008::2                       89.8%  1000   30.8  29.3  28.4  32.1   0.6
  6. ce-0-4-0-0.r03.frnkge03.de.ce.gin.ntt.net  0.0%  1000   34.2  34.2  33.4  56.7   2.0
  7. core4.hetzner.de                           0.0%  1000   34.2  34.2  33.6  46.5   0.9
  8. core21.hetzner.de                          0.0%  1000   36.7  35.9  35.2  58.3   1.6
  9. juniper3.rz10.hetzner.de                   0.0%  1000   36.1  36.5  35.4  61.5   2.5
 10. hos-tr1.ms-ex3k2.rz13.hetzner.de           0.0%  1000   37.0  37.1  36.2  47.5   0.8
 11. ???                                       100.0  1000    0.0   0.0   0.0   0.0   0.0
 12. h2t.preissler.me                           0.0%  1000   36.2  36.1  35.5  57.9   0.8
