HOST: alix                             Loss%   Snt   Last   Avg  Best  Wrst StDev
  1. fritz.box                         0.0%  1000    0.7   0.7   0.7   1.1   0.1
  2. 2003:0:1801:c201::1               0.0%  1000   21.1  21.2  20.7  23.0   0.3
  3. 2003:0:1803:8318::2               0.0%  1000   25.0  24.6  22.1  36.9   1.4
  4. ???                              100.0  1000    0.0   0.0   0.0   0.0   0.0
  5. 2003:3c0:1600:2::2                0.3%  1000  114.7 123.0 112.0 192.9  10.3
  6. 2610:18::5102                     0.6%  1000  125.5 134.1 121.7 157.0   8.4
  7. cir1.nyc-ny.us.xo.net             0.4%  1000  129.1 136.6 126.2 169.4   8.5
  8. 2610:18:10c:9001::2               0.6%  1000  130.0 131.7 118.5 175.3   9.5
  9. r1lon2.core.init7.net             0.4%  1000  205.6 209.7 192.4 266.8  13.0
 10. r1lon1.core.init7.net             0.4%  1000  194.8 206.8 192.9 242.1   9.7
 11. r1nue1.core.init7.net             0.2%  1000  208.6 214.6 202.8 245.3   9.0
 12. gw-hetzner.init7.net              0.7%  1000  145.1 142.8 132.8 229.3  10.7
 13. core11.hetzner.de                 1.7%  1000  143.2 140.3 129.7 158.7   2.5
 14. core21.hetzner.de                 0.4%  1000  151.4 143.2 131.1 163.1   2.7
 15. juniper3.rz10.hetzner.de          0.3%  1000  153.9 143.7 134.2 169.6   3.5
 16. hos-tr1.ms-ex3k2.rz13.hetzner.de  0.4%  1000  145.8 144.3 135.5 163.4   2.2
 17. ???                              100.0  1000    0.0   0.0   0.0   0.0   0.0
 18. h2t.preissler.me                  0.4%  1000  143.0 142.5 133.6 160.0   2.1
