HOST: alix                                      Loss%   Snt   Last   Avg  Best  Wrst StDev
  1. fritz.box                                  0.0%  1000    0.7   0.7   0.7   2.8   0.2
  2. 2003:0:1801:c201::1                        0.0%  1000   21.4  21.8  20.7  77.7   5.0
  3. 2003:0:1803:8318::2                        0.0%  1000   24.7  25.1  22.0  82.8   5.0
  4. 2003:0:1306:c000::1                        0.0%  1000   28.5  32.1  27.8 123.1  12.0
  5. 2003:0:1306:c008::2                       85.0%  1000   28.9  30.0  28.5  60.7   3.6
  6. ce-0-4-0-0.r03.frnkge03.de.ce.gin.ntt.net  0.5%  1000   56.0  56.6  50.2 118.2   6.0
  7. core4.hetzner.de                           0.3%  1000   57.2  56.4  49.6 114.9   5.2
  8. core21.hetzner.de                          0.7%  1000   58.4  58.2  51.8 119.4   5.4
  9. juniper3.rz10.hetzner.de                   0.5%  1000   58.8  58.7  51.4 119.7   6.0
 10. hos-tr1.ms-ex3k2.rz13.hetzner.de           0.6%  1000   59.7  59.4  52.2 120.8   5.6
 11. ???                                       100.0  1000    0.0   0.0   0.0   0.0   0.0
 12. h2t.preissler.me                           1.2%  1000   57.9  58.4  52.7 119.6   5.3
