HOST: alix                                      Loss%   Snt   Last   Avg  Best  Wrst StDev
  1. fritz.box                                  0.0%  1000    0.7   0.7   0.7   4.0   0.1
  2. 2003:0:1801:c201::1                        0.0%  1000   21.0  21.2  20.7  23.7   0.3
  3. 2003:0:1803:8318::2                        0.0%  1000   25.2  24.5  22.3  38.4   1.3
  4. 2003:0:1306:c000::1                        0.0%  1000   28.9  31.3  27.6 113.2  10.0
  5. 2003:0:1306:c008::2                       88.6%  1000   29.0  29.2  28.5  32.1   0.5
  6. ce-0-4-0-0.r03.frnkge03.de.ce.gin.ntt.net  0.0%  1000   34.1  34.2  33.3  56.6   2.0
  7. core4.hetzner.de                           0.0%  1000   34.1  34.1  33.6  43.0   0.7
  8. core21.hetzner.de                          0.0%  1000   35.2  36.3  35.2  59.4   2.9
  9. juniper3.rz10.hetzner.de                   0.0%  1000   36.8  36.5  35.6  66.6   2.5
 10. hos-tr1.ms-ex3k2.rz13.hetzner.de           0.0%  1000   36.7  37.2  36.4  45.9   1.0
 11. ???                                       100.0  1000    0.0   0.0   0.0   0.0   0.0
 12. h2t.preissler.me                           0.0%  1000   37.0  36.2  35.6  46.2   0.6
