HOST: alix                                      Loss%   Snt   Last   Avg  Best  Wrst StDev
  1. fritz.box                                  0.0%  1000    0.9   0.7   0.7   3.0   0.3
  2. 2003:0:1801:c201::1                        0.0%  1000   21.3  21.3  20.7  27.1   0.6
  3. 2003:0:1801:c218::2                        0.0%  1000   23.4  24.8  22.2  41.8   1.4
  4. 2003:0:1306:c000::1                        0.0%  1000   29.3  31.5  27.8  94.9   9.9
  5. 2003:0:1306:c008::2                       93.3%  1000   29.4  29.3  28.6  30.8   0.5
  6. ce-0-4-0-0.r03.frnkge03.de.ce.gin.ntt.net  0.0%  1000   34.3  34.3  33.3  55.7   2.0
  7. core4.hetzner.de                           0.0%  1000   34.3  34.2  33.6  52.1   1.3
  8. core21.hetzner.de                          0.0%  1000   36.4  36.0  35.2  56.7   1.9
  9. juniper3.rz10.hetzner.de                   0.0%  1000   36.3  36.8  35.6  68.8   3.3
 10. hos-tr1.ms-ex3k2.rz13.hetzner.de           0.0%  1000   37.1  37.3  36.2  45.5   0.9
 11. ???                                       100.0  1000    0.0   0.0   0.0   0.0   0.0
 12. h2t.preissler.me                           0.0%  1000   36.7  36.3  35.5  40.5   0.6
