HOST: alix                                      Loss%   Snt   Last   Avg  Best  Wrst StDev
  1. fritz.box                                  0.0%  1000    0.8   0.7   0.7   3.5   0.2
  2. 2003:0:1801:c201::1                        0.0%  1000   21.2  21.2  20.7  52.6   1.1
  3. 2003:0:1803:8318::2                        0.2%  1000   25.7  24.6  22.2  47.2   1.5
  4. 2003:0:1306:c000::1                        0.0%  1000   28.6  30.9  27.6 104.5   8.9
  5. 2003:0:1306:c008::2                       88.8%  1000   33.6  30.6  28.3  37.7   2.1
  6. ce-0-4-0-0.r03.frnkge03.de.ce.gin.ntt.net  0.0%  1000   34.1  34.2  33.3  55.5   2.1
  7. core4.hetzner.de                           0.2%  1000   34.4  34.1  33.6  48.4   0.9
  8. core21.hetzner.de                          0.0%  1000   36.2  36.1  35.2  71.4   2.4
  9. juniper3.rz10.hetzner.de                   0.0%  1000   36.3  36.7  35.7  70.0   3.2
 10. hos-tr1.ms-ex3k2.rz13.hetzner.de           0.0%  1000   38.2  37.2  36.2  93.1   2.1
 11. ???                                       100.0  1000    0.0   0.0   0.0   0.0   0.0
 12. h2t.preissler.me                           0.0%  1000   36.4  36.3  35.5  74.9   1.8
