HOST: alix                                      Loss%   Snt   Last   Avg  Best  Wrst StDev
  1. fritz.box                                  0.0%  1000    0.7   0.7   0.7   2.2   0.1
  2. 2003:0:1801:c201::1                        0.0%  1000   21.8  21.5  20.8  75.2   3.1
  3. 2003:0:1801:c218::2                        0.1%  1000   24.2  24.9  22.2  67.8   2.8
  4. 2003:0:1306:c000::1                        0.0%  1000   28.8  30.6  27.6  95.7   8.5
  5. 2003:0:1306:c008::2                       93.3%  1000   29.6  29.2  28.6  31.0   0.5
  6. ce-0-4-0-0.r03.frnkge03.de.ce.gin.ntt.net  0.0%  1000   33.9  34.8  33.3  91.6   4.5
  7. core4.hetzner.de                           0.0%  1000   34.1  34.4  33.6  85.3   3.5
  8. core21.hetzner.de                          0.0%  1000   35.7  36.3  35.2  91.7   3.8
  9. juniper3.rz10.hetzner.de                   0.0%  1000   36.5  36.9  35.6  79.2   4.1
 10. hos-tr1.ms-ex3k2.rz13.hetzner.de           0.0%  1000   36.9  37.3  36.2  92.1   2.7
 11. ???                                       100.0  1000    0.0   0.0   0.0   0.0   0.0
 12. h2t.preissler.me                           0.0%  1000   35.8  36.2  35.5  63.0   1.5
