HOST: alix                                      Loss%   Snt   Last   Avg  Best  Wrst StDev
  1. fritz.box                                  0.0%  1000    0.8   0.7   0.7  31.4   1.0
  2. 2003:0:1801:c201::1                        0.0%  1000   21.2  21.1  20.7  24.2   0.3
  3. 2003:0:1803:8318::2                        0.0%  1000   23.7  24.6  22.2  49.1   1.6
  4. 2003:0:1306:c000::1                        0.0%  1000   28.2  30.5  27.7  93.3   8.4
  5. 2003:0:1306:c008::2                       84.2%  1000   29.5  29.3  28.3  33.1   0.6
  6. ce-0-4-0-0.r03.frnkge03.de.ce.gin.ntt.net  0.0%  1000   33.7  34.3  33.4  57.2   2.7
  7. core4.hetzner.de                           0.0%  1000   34.3  34.1  33.6  44.3   0.8
  8. core21.hetzner.de                          0.0%  1000   36.1  35.8  35.1  58.9   1.7
  9. juniper3.rz10.hetzner.de                   0.0%  1000   38.3  39.2  35.7  74.3   3.6
 10. hos-tr1.ms-ex3k2.rz13.hetzner.de           0.0%  1000   45.7  42.3  36.6  60.7   3.4
 11. ???                                       100.0  1000    0.0   0.0   0.0   0.0   0.0
 12. h2t.preissler.me                           0.0%  1000   41.9  40.1  35.8  48.6   2.5
