HOST: alix                                      Loss%   Snt   Last   Avg  Best  Wrst StDev
  1. fritz.box                                  0.0%  1000    0.7   0.7   0.7   3.1   0.2
  2. 2003:0:1801:c201::1                        0.0%  1000   21.9  21.2  20.8  23.3   0.3
  3. 2003:0:1803:8318::2                        0.0%  1000   25.2  24.6  22.3  40.6   1.4
  4. 2003:0:1306:c000::1                        0.0%  1000   28.6  31.1  27.6  92.4   9.4
  5. 2003:0:1306:c008::2                       90.1%  1000   29.1  29.2  28.5  31.0   0.5
  6. ce-0-4-0-0.r03.frnkge03.de.ce.gin.ntt.net  0.0%  1000   34.1  34.1  33.3  55.0   1.9
  7. core4.hetzner.de                           0.0%  1000   33.6  34.0  33.6  46.9   0.7
  8. core21.hetzner.de                          0.0%  1000   35.9  35.8  35.2  58.4   1.7
  9. juniper3.rz10.hetzner.de                   0.0%  1000   36.2  37.0  35.7  68.0   2.6
 10. hos-tr1.ms-ex3k2.rz13.hetzner.de           0.0%  1000   37.1  37.8  36.4  45.8   1.2
 11. ???                                       100.0  1000    0.0   0.0   0.0   0.0   0.0
 12. h2t.preissler.me                           0.0%  1000   36.1  36.6  35.6  42.4   0.8
