HOST: alix                                      Loss%   Snt   Last   Avg  Best  Wrst StDev
  1. fritz.box                                  0.0%  1000    0.7   0.7   0.7   2.0   0.1
  2. 2003:0:1801:c201::1                        0.0%  1000   34.6  24.5  20.7  38.4   5.8
  3. 2003:0:1801:c218::2                        0.0%  1000   40.2  28.3  22.5  45.2   6.5
  4. 2003:0:1306:c000::1                        0.0%  1000   43.1  34.5  27.7 100.1  10.9
  5. 2003:0:1306:c008::2                       88.1%  1000   44.0  31.8  28.2  45.4   5.5
  6. ce-0-4-0-0.r03.frnkge03.de.ce.gin.ntt.net  0.0%  1000   49.3  37.9  33.3  69.0   6.6
  7. core4.hetzner.de                           0.0%  1000   49.6  37.7  33.5  50.7   6.4
  8. core21.hetzner.de                          0.0%  1000   49.3  39.9  35.2  71.8   7.1
  9. juniper3.rz10.hetzner.de                   0.0%  1000   51.1  40.1  35.6  79.6   6.9
 10. hos-tr1.ms-ex3k2.rz13.hetzner.de           0.0%  1000   52.1  40.7  36.3  58.9   6.4
 11. ???                                       100.0  1000    0.0   0.0   0.0   0.0   0.0
 12. h2t.preissler.me                           0.0%  1000   52.3  39.8  35.5  54.2   6.5
