HOST: alix                                      Loss%   Snt   Last   Avg  Best  Wrst StDev
  1. fritz.box                                  0.0%  1000    0.7   0.7   0.7   3.1   0.1
  2. 2003:0:1801:c201::1                        0.0%  1000   21.5  21.2  20.7  26.0   0.4
  3. 2003:0:1801:c218::2                        0.0%  1000   24.4  24.6  22.3  38.3   1.4
  4. 2003:0:1306:c000::1                        0.0%  1000   28.4  31.7  27.8 116.7  10.7
  5. 2003:0:1306:c008::2                       88.6%  1000   53.7  54.4  42.7  59.0   3.2
  6. ce-0-4-0-0.r03.frnkge03.de.ce.gin.ntt.net  0.0%  1000   34.6  36.7  33.5  60.1   3.9
  7. core4.hetzner.de                           0.0%  1000   35.1  36.7  33.6  55.1   3.5
  8. core21.hetzner.de                          0.0%  1000   36.8  38.4  35.2  60.3   3.9
  9. juniper3.rz10.hetzner.de                   0.0%  1000   39.0  39.7  36.0  75.5   5.4
 10. hos-tr1.ms-ex3k2.rz13.hetzner.de           0.0%  1000   42.8  39.8  36.6  59.6   3.4
 11. ???                                       100.0  1000    0.0   0.0   0.0   0.0   0.0
 12. h2t.preissler.me                           0.0%  1000   43.6  38.1  35.3  56.3   3.4
