HOST: alix                                      Loss%   Snt   Last   Avg  Best  Wrst StDev
  1. fritz.box                                  0.0%  1000    1.2   0.7   0.7   1.4   0.1
  2. 2003:0:1801:c201::1                        0.0%  1000   21.7  21.2  20.8  24.9   0.3
  3. 2003:0:1801:c218::2                        0.0%  1000   25.5  24.6  22.4  58.6   1.6
  4. 2003:0:1306:c000::1                        0.0%  1000   56.1  30.9  27.7  93.3   9.0
  5. 2003:0:1306:c008::2                       87.2%  1000   29.1  29.1  28.2  31.0   0.5
  6. ce-0-4-0-0.r03.frnkge03.de.ce.gin.ntt.net  0.0%  1000   34.1  34.1  33.4  54.9   1.9
  7. core4.hetzner.de                           0.0%  1000   34.1  34.0  33.6  48.2   0.8
  8. core21.hetzner.de                          0.0%  1000   35.8  35.9  35.2  58.6   2.0
  9. juniper3.rz10.hetzner.de                   0.0%  1000   35.9  36.6  35.6  67.1   3.1
 10. hos-tr1.ms-ex3k2.rz13.hetzner.de           0.0%  1000   37.5  37.1  36.3  50.1   1.0
 11. ???                                       100.0  1000    0.0   0.0   0.0   0.0   0.0
 12. h2t.preissler.me                           0.0%  1000   36.1  36.1  35.5  40.9   0.4
