HOST: alix                                      Loss%   Snt   Last   Avg  Best  Wrst StDev
  1. fritz.box                                  0.0%  1000    0.8   0.7   0.7   1.3   0.1
  2. 2003:0:1801:c201::1                        0.0%  1000   21.7  21.3  20.7  23.8   0.3
  3. 2003:0:1803:8318::2                        0.0%  1000   27.1  24.6  22.3  36.9   1.4
  4. 2003:0:1306:c000::1                        0.0%  1000   28.7  30.6  27.7  95.0   8.7
  5. 2003:0:1306:c008::2                       92.0%  1000   29.5  29.2  28.3  31.8   0.5
  6. ce-0-4-0-0.r03.frnkge03.de.ce.gin.ntt.net  0.0%  1000   34.4  34.2  33.3  57.7   1.7
  7. core4.hetzner.de                           0.0%  1000   37.2  34.1  33.6  42.8   0.6
  8. core21.hetzner.de                          0.0%  1000   35.6  36.0  35.2  57.6   1.9
  9. juniper3.rz10.hetzner.de                   0.0%  1000   36.0  36.3  35.6  69.2   2.3
 10. hos-tr1.ms-ex3k2.rz13.hetzner.de           0.0%  1000   37.1  37.1  36.2  51.3   0.9
 11. ???                                       100.0  1000    0.0   0.0   0.0   0.0   0.0
 12. h2t.preissler.me                           0.0%  1000   36.7  36.2  35.6  40.0   0.5
