HOST: alix                                      Loss%   Snt   Last   Avg  Best  Wrst StDev
  1. fritz.box                                  0.0%  1000    0.8   0.7   0.7   2.8   0.1
  2. 2003:0:1801:c201::1                        0.0%  1000   21.6  21.3  20.7  25.5   0.5
  3. 2003:0:1803:8318::2                        0.0%  1000   23.0  24.8  22.2  45.5   1.6
  4. 2003:0:1306:c000::1                        0.0%  1000   28.7  31.3  27.8 106.3   9.8
  5. 2003:0:1306:c008::2                       91.5%  1000   29.3  31.1  28.7  42.1   3.2
  6. ce-0-4-0-0.r03.frnkge03.de.ce.gin.ntt.net  1.0%  1000   54.3  57.5  52.6  90.5   3.5
  7. core4.hetzner.de                           0.2%  1000   55.6  57.5  52.3  91.6   3.3
  8. core21.hetzner.de                          0.8%  1000   58.1  59.3  54.2  93.7   3.6
  9. juniper3.rz10.hetzner.de                   0.8%  1000   59.2  60.0  54.4  93.0   4.5
 10. hos-tr1.ms-ex3k2.rz13.hetzner.de           0.6%  1000   59.4  60.6  55.4  80.3   3.3
 11. ???                                       100.0  1000    0.0   0.0   0.0   0.0   0.0
 12. h2t.preissler.me                           0.6%  1000   59.1  59.5  54.4  76.1   3.1
