HOST: alix                                      Loss%   Snt   Last   Avg  Best  Wrst StDev
  1. fritz.box                                  0.0%  1000    0.8   0.7   0.7   1.3   0.1
  2. 2003:0:1801:c201::1                        0.0%  1000   21.4  21.1  20.8  23.7   0.3
  3. 2003:0:1803:8318::2                        0.0%  1000   25.8  24.6  22.3  37.4   1.4
  4. 2003:0:1306:c000::1                        0.0%  1000   28.1  30.7  27.6  94.2   9.0
  5. 2003:0:1306:c008::2                       89.1%  1000   29.1  29.2  28.5  31.6   0.6
  6. ce-0-4-0-0.r03.frnkge03.de.ce.gin.ntt.net  0.0%  1000   34.0  34.1  33.4  55.6   2.0
  7. core4.hetzner.de                           0.0%  1000   33.9  34.1  33.6  43.0   0.7
  8. core21.hetzner.de                          0.0%  1000   35.4  35.8  35.2  58.0   1.5
  9. juniper3.rz10.hetzner.de                   0.0%  1000   36.8  36.6  35.6  68.0   2.9
 10. hos-tr1.ms-ex3k2.rz13.hetzner.de           0.0%  1000   36.9  37.0  36.2  45.1   0.8
 11. ???                                       100.0  1000    0.0   0.0   0.0   0.0   0.0
 12. h2t.preissler.me                           0.0%  1000   36.3  36.1  35.5  38.5   0.4
