HOST: alix                                      Loss%   Snt   Last   Avg  Best  Wrst StDev
  1. fritz.box                                  0.0%  1000    0.8   0.7   0.7   5.0   0.2
  2. 2003:0:1801:c201::1                        0.0%  1000   20.9  21.1  20.6  24.0   0.4
  3. 2003:0:1803:8318::2                        0.0%  1000   26.3  24.6  22.5  33.9   1.2
  4. 2003:0:1306:c000::1                        0.0%  1000   28.5  30.5  27.5  93.0   8.4
  5. 2003:0:1306:c008::2                       86.4%  1000   29.1  29.2  28.4  31.0   0.5
  6. ce-0-4-0-0.r03.frnkge03.de.ce.gin.ntt.net  0.0%  1000   33.9  34.1  33.3  75.6   2.1
  7. core4.hetzner.de                           0.0%  1000   34.0  34.0  33.5  49.6   0.9
  8. core21.hetzner.de                          0.0%  1000   36.3  35.8  35.2  57.7   1.7
  9. juniper3.rz10.hetzner.de                   0.0%  1000   52.9  36.7  35.5  69.9   3.4
 10. hos-tr1.ms-ex3k2.rz13.hetzner.de           0.0%  1000   36.9  37.1  36.2  45.1   0.9
 11. ???                                       100.0  1000    0.0   0.0   0.0   0.0   0.0
 12. h2t.preissler.me                           0.0%  1000   36.5  36.1  35.6  38.5   0.4
