HOST: alix                                      Loss%   Snt   Last   Avg  Best  Wrst StDev
  1. fritz.box                                  0.0%  1000    0.8   0.7   0.7   1.7   0.1
  2. 2003:0:1801:c201::1                        0.0%  1000   21.1  21.2  20.7  24.0   0.3
  3. 2003:0:1803:8318::2                        0.0%  1000   23.4  24.6  22.0  29.0   1.2
  4. 2003:0:1306:c000::1                        0.0%  1000   28.6  30.8  27.6 111.6   9.2
  5. 2003:0:1306:c008::2                       86.7%  1000   29.0  29.1  28.3  30.6   0.5
  6. ce-0-4-0-0.r03.frnkge03.de.ce.gin.ntt.net  0.0%  1000   34.0  34.1  33.4  57.4   1.7
  7. core4.hetzner.de                           0.0%  1000   34.4  34.1  33.6  46.0   0.8
  8. core21.hetzner.de                          0.0%  1000   35.7  35.9  35.2  56.9   1.9
  9. juniper3.rz10.hetzner.de                   0.0%  1000   36.3  37.5  35.5  73.0   4.2
 10. hos-tr1.ms-ex3k2.rz13.hetzner.de           0.0%  1000   37.0  37.1  36.2  47.7   1.0
 11. ???                                       100.0  1000    0.0   0.0   0.0   0.0   0.0
 12. h2t.preissler.me                           0.0%  1000   36.3  36.1  35.5  38.7   0.4
