HOST: alix                                      Loss%   Snt   Last   Avg  Best  Wrst StDev
  1. fritz.box                                  0.0%  1000    0.7   0.7   0.7   1.1   0.1
  2. 2003:0:1801:c201::1                        0.0%  1000   21.5  21.2  20.7  26.5   0.4
  3. 2003:0:1803:8318::2                        0.0%  1000   23.6  24.4  22.1  41.4   1.4
  4. 2003:0:1306:c000::1                        0.0%  1000   28.9  31.4  27.5 113.3  10.3
  5. 2003:0:1306:c008::2                       91.0%  1000   29.3  29.4  28.6  31.5   0.6
  6. ce-0-4-0-0.r03.frnkge03.de.ce.gin.ntt.net  0.0%  1000   34.3  34.4  33.4  58.1   2.3
  7. core4.hetzner.de                           0.0%  1000   34.2  34.3  33.5  53.7   1.7
  8. core21.hetzner.de                          0.0%  1000   35.5  36.2  35.3  57.2   2.1
  9. juniper3.rz10.hetzner.de                   0.0%  1000   36.0  36.9  35.7  66.5   3.5
 10. hos-tr1.ms-ex3k2.rz13.hetzner.de           0.0%  1000   37.5  37.2  36.3  45.8   1.0
 11. ???                                       100.0  1000    0.0   0.0   0.0   0.0   0.0
 12. h2t.preissler.me                           0.0%  1000   37.8  36.5  35.6  42.3   0.9
