HOST: alix                                      Loss%   Snt   Last   Avg  Best  Wrst StDev
  1. fritz.box                                  0.0%  1000    0.7   0.7   0.7   1.2   0.1
  2. 2003:0:1801:c201::1                        0.0%  1000   21.1  21.2  20.7  23.5   0.3
  3. 2003:0:1801:c218::2                        0.0%  1000   26.4  24.6  22.4  37.2   1.3
  4. 2003:0:1306:c000::1                        0.0%  1000   28.2  31.2  27.8 100.9  10.1
  5. 2003:0:1306:c008::2                       87.0%  1000   29.1  29.2  28.5  32.2   0.6
  6. ce-0-4-0-0.r03.frnkge03.de.ce.gin.ntt.net  0.0%  1000   34.2  34.1  33.4  55.4   1.8
  7. core4.hetzner.de                           0.0%  1000   34.0  34.1  33.6  42.6   0.7
  8. core21.hetzner.de                          0.0%  1000   35.6  35.8  35.2  57.8   1.7
  9. juniper3.rz10.hetzner.de                   0.0%  1000   36.6  36.7  35.6  65.8   2.7
 10. hos-tr1.ms-ex3k2.rz13.hetzner.de           0.0%  1000   37.5  37.3  36.1  44.6   1.0
 11. ???                                       100.0  1000    0.0   0.0   0.0   0.0   0.0
 12. h2t.preissler.me                           0.0%  1000   35.7  36.3  35.6  41.1   0.6
