HOST: alix                             Loss%   Snt   Last   Avg  Best  Wrst StDev
  1. fritz.box                         0.0%  1000    0.8   0.7   0.7   1.1   0.1
  2. 2003:0:1801:c201::1               0.0%  1000   21.1  21.2  20.7  24.7   0.5
  3. 2003:0:1801:c218::2               0.0%  1000   23.0  24.7  22.3  31.8   1.3
  4. 2003:0:1308:4000::1               0.0%  1000   28.0  28.1  26.8  63.4   2.8
  5. 2003:0:1308:4007::2               0.0%  1000   27.9  28.2  27.3  75.8   2.8
  6. xe-3-1-0.fra28.ip6.gtt.net        0.0%  1000   28.5  28.7  27.5  69.2   3.5
  7. hetzner-online-gw.ip4.gtt.net     0.2%  1000   34.5  34.4  33.6  57.4   1.6
  8. core1.hetzner.de                  0.1%  1000   33.6  33.6  32.9  54.3   2.0
  9. core21.hetzner.de                 0.0%  1000   35.5  35.7  35.0  60.8   2.2
 10. juniper3.rz10.hetzner.de          0.0%  1000   35.9  37.0  35.3  69.4   3.1
 11. hos-tr3.ms-ex3k2.rz13.hetzner.de  0.0%  1000   38.0  38.3  36.8  47.9   1.1
 12. ???                              100.0  1000    0.0   0.0   0.0   0.0   0.0
 13. h2t.preissler.me                  0.0%  1000   35.4  36.3  34.9  41.1   0.9
