HOST: alix                                      Loss%   Snt   Last   Avg  Best  Wrst StDev
  1. fritz.box                                  0.0%  1000    0.8   0.7   0.7   4.1   0.1
  2. 2003:0:1801:c201::1                        0.0%  1000   21.7  21.3  20.8  32.0   0.5
  3. 2003:0:1803:8318::2                        0.1%  1000   26.4  24.7  22.0  44.0   1.7
  4. 2003:0:1306:c000::1                        0.0%  1000   28.4  31.1  27.8  95.2   9.3
  5. 2003:0:1306:c008::2                       89.7%  1000   29.1  46.4  28.4 131.5  15.0
  6. ce-0-4-0-0.r03.frnkge03.de.ce.gin.ntt.net  0.5%  1000   55.2  56.2  47.7  80.5   3.4
  7. core4.hetzner.de                           0.7%  1000   55.2  55.5  47.9  67.1   1.4
  8. core21.hetzner.de                          0.7%  1000   57.1  57.4  50.0  87.6   2.3
  9. juniper3.rz10.hetzner.de                   0.7%  1000   58.1  58.0  49.6  93.5   3.5
 10. hos-tr1.ms-ex3k2.rz13.hetzner.de           0.6%  1000   59.1  58.8  51.0  70.0   1.6
 11. ???                                       100.0  1000    0.0   0.0   0.0   0.0   0.0
 12. h2t.preissler.me                           0.4%  1000   56.8  57.7  49.9  64.8   1.4
