HOST: alix                                      Loss%   Snt   Last   Avg  Best  Wrst StDev
  1. fritz.box                                  0.0%  1000    0.8   0.7   0.7   1.8   0.1
  2. 2003:0:1801:c201::1                        0.0%  1000   21.6  21.3  20.8  26.5   0.4
  3. 2003:0:1801:c218::2                        0.3%  1000   25.2  24.6  22.1  39.5   1.5
  4. 2003:0:1306:c000::1                        0.0%  1000   28.4  30.5  27.7  96.3   9.0
  5. 2003:0:1306:c008::2                       86.8%  1000   29.1  30.3  28.5  40.4   2.5
  6. ce-0-4-0-0.r03.frnkge03.de.ce.gin.ntt.net  0.0%  1000   35.4  35.3  33.4  78.0   3.7
  7. core4.hetzner.de                           0.0%  1000   34.3  35.0  33.5  52.8   2.6
  8. core21.hetzner.de                          0.0%  1000   36.2  37.0  35.3  65.9   3.3
  9. juniper3.rz10.hetzner.de                   0.0%  1000   36.2  38.1  35.7  84.6   5.2
 10. hos-tr1.ms-ex3k2.rz13.hetzner.de           0.0%  1000   37.4  38.1  36.3  68.5   2.7
 11. ???                                       100.0  1000    0.0   0.0   0.0   0.0   0.0
 12. h2t.preissler.me                           0.0%  1000   36.3  37.3  35.5  58.4   2.8
