HOST: alix                                      Loss%   Snt   Last   Avg  Best  Wrst StDev
  1. fritz.box                                  0.0%  1000    1.0   0.8   0.7   4.2   0.3
  2. 2003:0:1801:c201::1                        0.0%  1000   21.4  21.4  20.7  26.1   0.6
  3. 2003:0:1801:c218::2                        0.0%  1000   25.2  24.8  22.3  42.2   1.5
  4. 2003:0:1306:c000::1                        0.0%  1000   28.9  31.0  27.7  94.4   8.8
  5. 2003:0:1306:c008::2                       94.1%  1000   29.7  29.3  28.5  31.4   0.6
  6. ce-0-4-0-0.r03.frnkge03.de.ce.gin.ntt.net  0.0%  1000   35.9  34.3  33.4  57.3   2.0
  7. core4.hetzner.de                           0.0%  1000   34.3  34.2  33.6  43.9   0.8
  8. core21.hetzner.de                          0.0%  1000   37.4  36.1  35.1  56.4   1.8
  9. juniper3.rz10.hetzner.de                   0.0%  1000   36.4  37.2  35.8  65.1   3.2
 10. hos-tr1.ms-ex3k2.rz13.hetzner.de           0.0%  1000   38.1  37.6  36.6  45.1   0.8
 11. ???                                       100.0  1000    0.0   0.0   0.0   0.0   0.0
 12. h2t.preissler.me                           0.0%  1000   36.2  35.9  35.3  48.3   0.7
