HOST: alix                                      Loss%   Snt   Last   Avg  Best  Wrst StDev
  1. fritz.box                                  0.0%  1000    1.0   0.7   0.7   3.6   0.1
  2. 2003:0:1801:c201::1                        0.0%  1000   21.5  22.6  20.7  61.9   3.5
  3. 2003:0:1801:c218::2                        0.0%  1000   26.4  26.2  22.0  57.0   4.0
  4. 2003:0:1306:c000::1                        0.0%  1000   28.6  32.2  27.6 100.9   9.2
  5. 2003:0:1306:c008::2                       89.4%  1000   29.1  30.9  28.6  51.2   4.0
  6. ce-0-4-0-0.r03.frnkge03.de.ce.gin.ntt.net  0.0%  1000   34.3  35.8  33.4  98.3   4.6
  7. core4.hetzner.de                           0.0%  1000   34.0  35.5  33.6  73.2   3.7
  8. core21.hetzner.de                          0.0%  1000   35.8  37.6  35.3  75.3   4.1
  9. juniper3.rz10.hetzner.de                   0.0%  1000   36.2  38.2  35.5 100.8   5.3
 10. hos-tr1.ms-ex3k2.rz13.hetzner.de           0.0%  1000   37.1  38.6  36.3  59.0   3.7
 11. ???                                       100.0  1000    0.0   0.0   0.0   0.0   0.0
 12. h2t.preissler.me                           0.0%  1000   36.0  37.8  35.4  81.6   4.0
