HOST: alix                                      Loss%   Snt   Last   Avg  Best  Wrst StDev
  1. fritz.box                                  0.0%  1000    0.8   0.7   0.7   2.9   0.2
  2. 2003:0:1801:c201::1                        0.0%  1000   21.5  21.3  20.6  28.6   0.4
  3. 2003:0:1801:c218::2                        0.6%  1000   26.1  24.7  22.2  45.6   1.4
  4. 2003:0:1306:c000::1                        0.0%  1000   28.4  31.3  27.8  96.0  10.0
  5. 2003:0:1306:c008::2                       88.2%  1000   30.2  29.5  28.6  31.1   0.6
  6. ce-0-4-0-0.r03.frnkge03.de.ce.gin.ntt.net  0.0%  1000   34.3  34.5  33.5  58.4   2.4
  7. core4.hetzner.de                           0.0%  1000   34.4  34.2  33.6  47.6   0.8
  8. core21.hetzner.de                          0.0%  1000   35.9  36.2  35.2  60.4   2.4
  9. juniper3.rz10.hetzner.de                   0.0%  1000   36.8  37.4  35.9  86.1   3.9
 10. hos-tr1.ms-ex3k2.rz13.hetzner.de           0.0%  1000   37.2  37.6  36.6  50.3   1.0
 11. ???                                       100.0  1000    0.0   0.0   0.0   0.0   0.0
 12. h2t.preissler.me                           0.0%  1000   36.4  35.8  35.3  39.8   0.5
