HOST: alix                                      Loss%   Snt   Last   Avg  Best  Wrst StDev
  1. fritz.box                                  0.0%  1000    0.7   0.7   0.7   2.7   0.2
  2. 2003:0:1801:c201::1                        0.0%  1000   21.3  21.6  20.7  82.2   3.8
  3. 2003:0:1803:8318::2                        0.0%  1000   26.8  25.0  22.4  84.7   4.1
  4. 2003:0:1306:c000::1                        0.0%  1000   28.5  30.8  27.7  93.4   9.3
  5. 2003:0:1306:c008::2                       85.8%  1000   32.7  29.2  28.5  34.6   0.8
  6. ce-0-4-0-0.r03.frnkge03.de.ce.gin.ntt.net  0.0%  1000   34.0  34.5  33.3  92.0   3.5
  7. core4.hetzner.de                           0.0%  1000   33.8  34.4  33.5  91.0   3.9
  8. core21.hetzner.de                          0.0%  1000   35.6  36.2  35.2  91.0   3.6
  9. juniper3.rz10.hetzner.de                   0.0%  1000   36.0  36.9  35.6 102.2   4.5
 10. hos-tr1.ms-ex3k2.rz13.hetzner.de           0.0%  1000   37.5  37.5  36.2 103.8   4.3
 11. ???                                       100.0  1000    0.0   0.0   0.0   0.0   0.0
 12. h2t.preissler.me                           0.0%  1000   36.0  36.6  35.5  98.7   4.1
