HOST: alix                                      Loss%   Snt   Last   Avg  Best  Wrst StDev
  1. fritz.box                                  0.0%  1000    0.8   0.7   0.7   1.6   0.1
  2. 2003:0:1801:c201::1                        0.0%  1000   21.5  21.3  20.7  24.2   0.3
  3. 2003:0:1801:c218::2                        0.6%  1000   24.1  24.6  22.2  30.7   1.3
  4. 2003:0:1306:c000::1                        0.0%  1000   28.4  30.9  27.7 107.1   9.3
  5. 2003:0:1306:c008::2                       82.5%  1000   57.3  52.4  32.5  74.3   9.7
  6. ce-0-4-0-0.r03.frnkge03.de.ce.gin.ntt.net  0.8%  1000   77.2  65.0  51.1 104.3  10.2
  7. core4.hetzner.de                           1.1%  1000   79.0  64.8  53.3  91.5  10.0
  8. core21.hetzner.de                          0.6%  1000   78.9  66.6  53.6 101.4  10.1
  9. juniper3.rz10.hetzner.de                   0.5%  1000   79.1  67.5  53.1 122.3  10.8
 10. hos-tr1.ms-ex3k2.rz13.hetzner.de           0.5%  1000   79.4  67.7  53.4  97.8  10.0
 11. ???                                       100.0  1000    0.0   0.0   0.0   0.0   0.0
 12. h2t.preissler.me                           0.7%  1000   80.7  66.9  55.1  94.0   9.9
