HOST: alix                                      Loss%   Snt   Last   Avg  Best  Wrst StDev
  1. fritz.box                                  0.0%  1000    0.8   0.7   0.7   1.2   0.1
  2. 2003:0:1801:c201::1                        0.0%  1000   21.7  21.2  20.6  23.8   0.4
  3. 2003:0:1803:8318::2                        0.0%  1000   26.3  24.6  22.2  35.5   1.3
  4. 2003:0:1306:c000::1                        0.0%  1000   28.1  30.7  27.6 117.0   9.2
  5. 2003:0:1306:c008::2                       90.6%  1000   29.0  29.1  28.4  31.0   0.5
  6. ce-0-4-0-0.r03.frnkge03.de.ce.gin.ntt.net  0.0%  1000   33.7  34.2  28.1 113.2   3.3
  7. core4.hetzner.de                           0.0%  1000   35.8  34.1  28.6 114.3   2.6
  8. core21.hetzner.de                          0.0%  1000   35.9  36.0  32.8 117.4   3.3
  9. juniper3.rz10.hetzner.de                   0.0%  1000   39.3  40.3  35.5 120.1   4.7
 10. hos-tr1.ms-ex3k2.rz13.hetzner.de           0.1%  1000   39.0  48.0  37.4 126.1   6.9
 11. ???                                       100.0  1000    0.0   0.0   0.0   0.0   0.0
 12. h2t.preissler.me                           0.2%  1000   45.8  49.7  36.6 142.2   5.9
