HOST: alix                                      Loss%   Snt   Last   Avg  Best  Wrst StDev
  1. fritz.box                                  0.0%  1000    0.7   0.7   0.7   1.4   0.1
  2. 2003:0:1801:c201::1                        0.0%  1000   21.1  21.2  20.7  24.9   0.5
  3. 2003:0:1801:c218::2                        0.0%  1000   26.3  24.7  22.3  41.2   1.4
  4. 2003:0:1306:c000::1                        0.0%  1000   28.3  30.2  27.6  96.1   7.6
  5. 2003:0:1306:c008::2                       91.6%  1000   29.5  29.2  28.5  31.8   0.6
  6. ce-0-4-0-0.r03.frnkge03.de.ce.gin.ntt.net  0.0%  1000   33.7  34.1  33.3  56.1   2.1
  7. core4.hetzner.de                           0.0%  1000   34.1  34.0  33.6  42.8   0.6
  8. core21.hetzner.de                          0.0%  1000   36.4  36.1  35.2  57.8   2.2
  9. juniper3.rz10.hetzner.de                   0.0%  1000   41.9  43.8  36.2  76.6   5.8
 10. hos-tr1.ms-ex3k2.rz13.hetzner.de           0.0%  1000   45.9  49.6  37.7  79.2   6.5
 11. ???                                       100.0  1000    0.0   0.0   0.0   0.0   0.0
 12. h2t.preissler.me                           0.8%  1000   50.1  49.6  37.5  85.9   6.1
