HOST: alix                                      Loss%   Snt   Last   Avg  Best  Wrst StDev
  1. fritz.box                                  0.0%  1000    0.7   0.7   0.7   1.4   0.1
  2. 2003:0:1801:c201::1                        0.0%  1000   21.6  21.2  20.7  24.4   0.4
  3. 2003:0:1803:8318::2                        0.0%  1000   24.0  24.6  22.2  29.6   1.2
  4. 2003:0:1306:c000::1                        0.0%  1000   28.5  30.5  27.6  95.4   8.7
  5. 2003:0:1306:c008::2                       82.0%  1000   29.4  29.2  28.4  31.7   0.6
  6. ce-0-4-0-0.r03.frnkge03.de.ce.gin.ntt.net  0.0%  1000   34.2  34.3  33.4  56.6   2.5
  7. core4.hetzner.de                           0.0%  1000   33.8  34.0  33.5  45.6   0.7
  8. core21.hetzner.de                          0.0%  1000   35.4  36.1  35.2  58.5   2.7
  9. juniper3.rz10.hetzner.de                   0.0%  1000   38.8  41.3  35.7  74.3   4.1
 10. hos-tr1.ms-ex3k2.rz13.hetzner.de           0.0%  1000   42.0  45.3  36.9  58.3   4.2
 11. ???                                       100.0  1000    0.0   0.0   0.0   0.0   0.0
 12. h2t.preissler.me                           0.0%  1000   41.9  43.1  36.1  55.4   3.4
