HOST: alix                                      Loss%   Snt   Last   Avg  Best  Wrst StDev
  1. fritz.box                                  0.0%  1000    0.8   0.7   0.7   5.0   0.2
  2. 2003:0:1801:c201::1                        0.0%  1000   21.5  26.4  20.7  46.1   6.2
  3. 2003:0:1801:c218::2                        0.0%  1000   22.5  30.4  22.1  56.3   6.9
  4. 2003:0:1306:c000::1                        0.0%  1000   28.5  36.3  27.6 107.2  10.1
  5. 2003:0:1306:c008::2                       90.8%  1000   29.4  33.5  28.4  45.9   6.5
  6. ce-0-4-0-0.r03.frnkge03.de.ce.gin.ntt.net  0.0%  1000   34.1  40.0  33.3  71.5   7.0
  7. core4.hetzner.de                           0.0%  1000   34.2  39.9  33.6  57.7   6.9
  8. core21.hetzner.de                          0.0%  1000   36.1  41.8  35.2  70.7   7.2
  9. juniper3.rz10.hetzner.de                   0.0%  1000   36.0  42.3  35.7  75.4   7.3
 10. hos-tr1.ms-ex3k2.rz13.hetzner.de           0.0%  1000   37.8  42.9  36.2  64.4   6.9
 11. ???                                       100.0  1000    0.0   0.0   0.0   0.0   0.0
 12. h2t.preissler.me                           0.0%  1000   35.8  42.0  35.6  57.2   6.8
