HOST: alix                             Loss%   Snt   Last   Avg  Best  Wrst StDev
  1. fritz.box                         0.0%  1000    0.8   0.7   0.7   1.3   0.1
  2. 2003:0:1801:c201::1               0.0%  1000   21.4  21.3  20.7  24.8   0.6
  3. 2003:0:1801:c218::2               0.0%  1000   25.6  24.6  22.1  30.4   1.3
  4. 2003:0:1308:4000::1               0.0%  1000   27.4  27.7  26.9  53.1   1.5
  5. 2003:0:1308:4007::2               0.0%  1000   28.1  28.1  27.3  62.0   2.4
  6. xe-3-1-0.fra28.ip6.gtt.net        0.0%  1000   27.9  28.4  27.1  64.8   3.0
  7. hetzner-online-gw.ip4.gtt.net     0.0%  1000   34.1  34.6  33.6  54.9   2.1
  8. core1.hetzner.de                  0.5%  1000   33.5  33.8  32.9  53.8   2.3
  9. core21.hetzner.de                 0.0%  1000   35.7  35.7  35.0  57.8   2.0
 10. juniper3.rz10.hetzner.de          0.0%  1000   49.2  44.8  35.6  79.2   5.8
 11. hos-tr3.ms-ex3k2.rz13.hetzner.de  0.0%  1000   54.8  50.2  37.6  71.9   6.5
 12. ???                              100.0  1000    0.0   0.0   0.0   0.0   0.0
 13. h2t.preissler.me                  0.0%  1000   50.5  46.0  35.3  65.0   5.0
