HOST: alix                             Loss%   Snt   Last   Avg  Best  Wrst StDev
  1. fritz.box                         0.0%  1000    0.8   0.7   0.7   2.0   0.1
  2. 2003:0:1801:c201::1               0.0%  1000   21.1  21.3  20.6  27.4   0.5
  3. 2003:0:1803:8318::2               0.0%  1000   23.9  24.7  22.2  42.1   1.6
  4. 2003:0:1308:4000::1               0.0%  1000   27.6  28.0  27.0  78.0   2.9
  5. 2003:0:1308:4007::2               0.0%  1000   49.8  56.0  27.4 143.8  22.6
  6. fra44.ip6.gtt.net                 0.0%  1000   64.4  71.1  42.5 129.5  22.3
  7. hetzner-online-gw.ip4.gtt.net     0.6%  1000   90.8  99.5  69.5 160.4  22.5
  8. core1.hetzner.de                  1.0%  1000   91.1  98.6  68.2 156.2  22.4
  9. core21.hetzner.de                 0.7%  1000   92.5 100.6  70.1 156.9  22.4
 10. juniper3.rz10.hetzner.de          0.8%  1000   91.7 101.2  69.7 178.7  22.6
 11. hos-tr3.ms-ex3k2.rz13.hetzner.de  0.8%  1000   90.0 102.5  71.9 156.4  22.5
 12. ???                              100.0  1000    0.0   0.0   0.0   0.0   0.0
 13. h2t.preissler.me                  0.9%  1000   91.7 100.4  69.9 156.2  22.3
