HOST: alix                                      Loss%   Snt   Last   Avg  Best  Wrst StDev
  1. fritz.box                                  0.0%  1000    0.7   0.7   0.7   3.1   0.1
  2. 2003:0:1801:c201::1                        0.0%  1000   21.6  21.5  20.8  48.6   1.6
  3. 2003:0:1801:c218::2                        0.0%  1000   24.4  24.8  22.3  53.6   2.1
  4. 2003:0:1306:c000::1                        0.0%  1000   39.4  30.9  27.7  98.2   9.2
  5. 2003:0:1306:c008::2                       91.3%  1000   29.1  30.0  28.3  50.7   2.8
  6. ce-0-4-0-0.r03.frnkge03.de.ce.gin.ntt.net  0.0%  1000   34.0  35.9  33.4  68.8   4.3
  7. core4.hetzner.de                           0.0%  1000   34.4  35.7  33.6  73.0   3.9
  8. core21.hetzner.de                          0.0%  1000   35.8  37.5  35.2  80.1   4.1
  9. juniper3.rz10.hetzner.de                   0.0%  1000   36.4  38.2  35.7  85.5   5.2
 10. hos-tr1.ms-ex3k2.rz13.hetzner.de           0.0%  1000   37.5  38.4  36.4  71.0   3.4
 11. ???                                       100.0  1000    0.0   0.0   0.0   0.0   0.0
 12. h2t.preissler.me                           0.0%  1000   36.2  37.4  35.6  74.5   3.2
