HOST: alix                             Loss%   Snt   Last   Avg  Best  Wrst StDev
  1. fritz.box                         0.0%  1000    0.8   0.7   0.7   9.9   0.3
  2. 2003:0:1801:c201::1               0.0%  1000   21.8  21.3  20.7  24.0   0.5
  3. 2003:0:1803:8318::2               0.0%  1000   23.9  24.7  22.3  36.4   1.4
  4. 2003:0:1308:4000::1               0.0%  1000   27.8  27.9  26.8  73.9   3.3
  5. 2003:0:1308:4007::2               0.0%  1000   28.4  28.3  27.3  65.6   3.1
  6. xe-3-0-2.fra28.ip6.gtt.net        0.0%  1000   28.6  28.3  27.2  77.1   2.7
  7. hetzner-online-gw.ip4.gtt.net     0.0%  1000   34.3  34.6  33.7  59.2   2.3
  8. core1.hetzner.de                  0.0%  1000   33.8  33.5  32.8  51.1   1.4
  9. core21.hetzner.de                 0.0%  1000   35.7  35.7  35.0  62.9   2.1
 10. juniper3.rz10.hetzner.de          0.0%  1000   40.3  40.3  35.3  77.3   5.2
 11. hos-tr3.ms-ex3k2.rz13.hetzner.de  0.0%  1000   40.0  45.3  37.2  66.8   5.1
 12. ???                              100.0  1000    0.0   0.0   0.0   0.0   0.0
 13. h2t.preissler.me                  0.0%  1000   39.5  42.7  35.4  60.6   4.4
