HOST: alix                                      Loss%   Snt   Last   Avg  Best  Wrst StDev
  1. fritz.box                                  0.0%  1000    0.8   0.7   0.7   1.8   0.2
  2. 2003:0:1801:c201::1                        0.0%  1000   21.9  21.3  20.7  38.4   0.7
  3. 2003:0:1801:c218::2                        0.2%  1000   25.1  24.5  22.3  39.3   1.4
  4. 2003:0:1306:c000::1                        0.0%  1000   28.4  31.0  27.8  99.6   9.2
  5. 2003:0:1306:c008::2                       86.7%  1000   51.2  47.6  28.8  59.8   8.3
  6. ce-0-4-0-0.r03.frnkge03.de.ce.gin.ntt.net  0.0%  1000   34.7  34.6  33.4  55.6   2.3
  7. core4.hetzner.de                           0.0%  1000   34.8  34.5  33.6  52.1   1.6
  8. core21.hetzner.de                          0.0%  1000   37.8  36.4  35.3  58.3   2.3
  9. juniper3.rz10.hetzner.de                   0.0%  1000   36.9  37.0  35.7  68.1   3.5
 10. hos-tr1.ms-ex3k2.rz13.hetzner.de           0.0%  1000   38.1  37.5  36.4  48.1   1.4
 11. ???                                       100.0  1000    0.0   0.0   0.0   0.0   0.0
 12. h2t.preissler.me                           0.0%  1000   40.1  36.5  35.6  49.6   1.1
