HOST: alix                             Loss%   Snt   Last   Avg  Best  Wrst StDev
  1. fritz.box                         0.0%  1000    0.8   0.7   0.7   1.9   0.1
  2. 2003:0:1801:c201::1               0.0%  1000   21.4  21.2  20.7  23.8   0.5
  3. 2003:0:1801:c218::2               0.0%  1000   23.4  24.7  22.0  32.2   1.3
  4. 2003:0:1308:4000::1               0.0%  1000   27.7  27.8  27.0  60.0   2.0
  5. 2003:0:1308:4007::2               0.0%  1000   37.4  28.4  27.3  75.1   3.1
  6. xe-3-0-2.fra28.ip6.gtt.net        0.0%  1000   27.6  28.1  27.1  60.7   2.3
  7. hetzner-online-gw.ip4.gtt.net     0.0%  1000   34.5  34.5  33.6  58.6   1.8
  8. core1.hetzner.de                  0.2%  1000   33.5  33.6  32.9  53.6   2.0
  9. core21.hetzner.de                 0.0%  1000   35.5  35.7  35.0  58.0   1.6
 10. juniper3.rz10.hetzner.de          0.0%  1000   35.5  36.4  35.2  69.7   3.3
 11. hos-tr3.ms-ex3k2.rz13.hetzner.de  0.0%  1000   37.6  37.5  36.7  54.0   1.1
 12. ???                              100.0  1000    0.0   0.0   0.0   0.0   0.0
 13. h2t.preissler.me                  0.0%  1000   35.5  35.4  34.8  39.1   0.5
