HOST: alix                                      Loss%   Snt   Last   Avg  Best  Wrst StDev
  1. fritz.box                                  0.0%  1000    0.8   0.7   0.7   3.1   0.1
  2. 2003:0:1801:c201::1                        0.0%  1000   21.5  21.2  20.7  25.1   0.4
  3. 2003:0:1801:c218::2                        0.0%  1000   24.0  24.6  22.3  37.2   1.4
  4. 2003:0:1306:c000::1                        0.0%  1000   28.6  31.1  27.6 110.3   9.7
  5. 2003:0:1306:c008::2                       82.5%  1000   29.0  29.3  28.4  41.7   1.2
  6. ce-0-4-0-0.r03.frnkge03.de.ce.gin.ntt.net  0.0%  1000   34.3  34.2  33.3  57.3   2.3
  7. core4.hetzner.de                           0.0%  1000   34.2  34.0  33.5  49.5   0.7
  8. core21.hetzner.de                          0.0%  1000   36.0  36.1  35.2  59.2   2.6
  9. juniper3.rz10.hetzner.de                   0.0%  1000   41.8  39.7  35.7  79.6   4.6
 10. hos-tr1.ms-ex3k2.rz13.hetzner.de           0.0%  1000   44.3  44.6  36.1  75.0   5.2
 11. ???                                       100.0  1000    0.0   0.0   0.0   0.0   0.0
 12. h2t.preissler.me                           0.0%  1000   39.6  42.6  36.2  60.3   4.3
