HOST: alix                                      Loss%   Snt   Last   Avg  Best  Wrst StDev
  1. fritz.box                                  0.0%  1000    0.8   0.7   0.7   1.3   0.1
  2. 2003:0:1801:c201::1                        0.0%  1000   21.4  21.2  20.7  24.3   0.4
  3. 2003:0:1803:8318::2                        0.0%  1000   25.9  24.6  22.2  40.1   1.4
  4. 2003:0:1306:c000::1                        0.0%  1000   45.8  31.1  27.8 106.7  10.4
  5. 2003:0:1306:c008::2                       89.2%  1000   29.0  31.5  28.4  54.7   7.0
  6. ce-0-4-0-0.r03.frnkge03.de.ce.gin.ntt.net  0.0%  1000   34.2  34.1  33.4  56.9   2.0
  7. core4.hetzner.de                           0.0%  1000   33.9  34.0  33.6  43.1   0.7
  8. core21.hetzner.de                          0.0%  1000   36.0  35.8  35.2  57.2   1.5
  9. juniper3.rz10.hetzner.de                   0.0%  1000   36.3  36.7  35.6  69.1   3.5
 10. hos-tr1.ms-ex3k2.rz13.hetzner.de           0.0%  1000   37.2  37.0  36.3  46.3   1.0
 11. ???                                       100.0  1000    0.0   0.0   0.0   0.0   0.0
 12. h2t.preissler.me                           0.0%  1000   36.3  36.1  35.6  57.5   0.8
