HOST: alix                                      Loss%   Snt   Last   Avg  Best  Wrst StDev
  1. fritz.box                                  0.0%  1000    0.8   0.7   0.7   2.5   0.1
  2. 2003:0:1801:c201::1                        0.0%  1000   21.7  25.8  20.7  38.4   6.4
  3. 2003:0:1801:c218::2                        0.0%  1000   26.1  29.7  22.3  51.6   7.1
  4. 2003:0:1306:c000::1                        0.0%  1000   28.3  35.7  27.7 111.5  10.8
  5. 2003:0:1306:c008::2                       88.3%  1000   30.1  33.4  28.5  45.2   6.6
  6. ce-0-4-0-0.r03.frnkge03.de.ce.gin.ntt.net  0.0%  1000   34.0  39.2  33.4  69.0   7.2
  7. core4.hetzner.de                           0.0%  1000   34.4  39.2  33.6  52.7   7.0
  8. core21.hetzner.de                          0.0%  1000   35.9  41.0  35.2  71.5   7.3
  9. juniper3.rz10.hetzner.de                   0.0%  1000   36.0  41.5  35.6  80.6   7.5
 10. hos-tr1.ms-ex3k2.rz13.hetzner.de           0.0%  1000   37.5  42.1  36.1  65.2   7.0
 11. ???                                       100.0  1000    0.0   0.0   0.0   0.0   0.0
 12. h2t.preissler.me                           0.0%  1000   36.1  41.3  35.5  57.1   7.1
