HOST: alix                                      Loss%   Snt   Last   Avg  Best  Wrst StDev
  1. fritz.box                                  0.0%  1000    0.8   0.7   0.7   1.4   0.1
  2. 2003:0:1801:c201::1                        0.0%  1000   20.9  21.2  20.7  23.6   0.4
  3. 2003:0:1803:8318::2                        0.0%  1000   25.1  24.6  22.2  38.1   1.3
  4. 2003:0:1306:c000::1                        0.0%  1000   28.6  31.2  27.6 110.6  10.4
  5. 2003:0:1306:c008::2                       81.0%  1000   28.7  29.2  28.3  32.1   0.5
  6. ce-0-4-0-0.r03.frnkge03.de.ce.gin.ntt.net  0.0%  1000   34.2  34.1  33.5  50.8   1.5
  7. core4.hetzner.de                           0.0%  1000   34.0  34.0  33.6  43.3   0.7
  8. core21.hetzner.de                          0.0%  1000   35.6  36.2  35.2  61.5   2.8
  9. juniper3.rz10.hetzner.de                   0.0%  1000   36.8  37.8  35.7  73.8   3.1
 10. hos-tr1.ms-ex3k2.rz13.hetzner.de           0.0%  1000   42.3  40.6  36.4  49.5   2.5
 11. ???                                       100.0  1000    0.0   0.0   0.0   0.0   0.0
 12. h2t.preissler.me                           0.0%  1000   41.0  39.7  36.0  51.0   2.4
