HOST: alix                             Loss%   Snt   Last   Avg  Best  Wrst StDev
  1. fritz.box                         0.0%  1000    0.8   0.7   0.7   1.2   0.1
  2. 2003:0:1801:c201::1               0.0%  1000   21.4  21.2  20.8  24.2   0.5
  3. 2003:0:1801:c218::2               0.5%  1000   25.5  24.7  22.4  41.7   1.5
  4. 2003:0:1308:4000::1               0.0%  1000   27.5  28.5  26.9  68.3   4.4
  5. 2003:0:1308:4007::2               0.0%  1000   28.2  28.2  27.3  64.3   2.5
  6. xe-3-0-1.fra28.ip6.gtt.net        0.0%  1000   28.1  28.3  27.5  55.6   1.5
  7. hetzner-online-gw.ip4.gtt.net     0.3%  1000   34.2  34.6  33.8  57.5   2.3
  8. core1.hetzner.de                  0.2%  1000   33.9  33.5  32.9  57.1   1.6
  9. core21.hetzner.de                 0.0%  1000   35.5  36.1  34.9  73.8   3.2
 10. juniper3.rz10.hetzner.de          0.0%  1000   40.6  41.0  35.5 104.2   6.7
 11. hos-tr3.ms-ex3k2.rz13.hetzner.de  0.0%  1000   47.7  48.2  37.4  81.6   7.7
 12. ???                              100.0  1000    0.0   0.0   0.0   0.0   0.0
 13. h2t.preissler.me                  0.0%  1000   47.3  46.8  35.6  74.4   7.4
