HOST: alix                                      Loss%   Snt   Last   Avg  Best  Wrst StDev
  1. fritz.box                                  0.0%  1000    0.8   0.7   0.7   1.5   0.1
  2. 2003:0:1801:c201::1                        0.0%  1000   21.5  21.6  20.7  84.5   3.9
  3. 2003:0:1801:c218::2                        0.0%  1000   24.0  24.9  22.3  75.8   3.9
  4. 2003:0:1306:c000::1                        0.0%  1000   28.9  31.4  27.8 103.8   9.8
  5. 2003:0:1306:c008::2                       81.2%  1000   90.8  87.8  42.8 156.9  21.0
  6. ce-0-4-0-0.r03.frnkge03.de.ce.gin.ntt.net  0.6%  1000  111.4  96.8  54.3 181.0  24.9
  7. core4.hetzner.de                           0.6%  1000  110.7  96.6  53.8 181.5  24.6
  8. core21.hetzner.de                          0.5%  1000  108.6  98.5  55.1 174.4  24.4
  9. juniper3.rz10.hetzner.de                   0.7%  1000  111.1  99.6  55.8 174.6  25.2
 10. hos-tr1.ms-ex3k2.rz13.hetzner.de           0.4%  1000  110.8  99.8  56.0 172.1  24.5
 11. ???                                       100.0  1000    0.0   0.0   0.0   0.0   0.0
 12. h2t.preissler.me                           0.4%  1000  109.6  98.0  55.7 177.4  24.7
