HOST: alix                                      Loss%   Snt   Last   Avg  Best  Wrst StDev
  1. fritz.box                                  0.0%  1000    0.8   0.7   0.7   1.1   0.1
  2. 2003:0:1801:c201::1                        0.0%  1000   21.9  21.3  20.7  31.8   0.5
  3. 2003:0:1801:c218::2                        0.0%  1000   23.3  24.6  22.5  28.0   1.2
  4. 2003:0:1306:c000::1                        0.0%  1000   28.4  31.0  27.6  94.8   9.2
  5. 2003:0:1306:c008::2                       76.2%  1000   29.0  35.6  28.5  55.6   6.8
  6. ce-0-4-0-0.r03.frnkge03.de.ce.gin.ntt.net  0.1%  1000   52.3  47.8  33.9  89.1   6.8
  7. core4.hetzner.de                           0.0%  1000   52.9  47.5  33.9 111.3   6.7
  8. core21.hetzner.de                          0.0%  1000   54.0  49.3  35.6  75.5   6.6
  9. juniper3.rz10.hetzner.de                   0.0%  1000   54.8  50.1  35.8  87.4   7.1
 10. hos-tr1.ms-ex3k2.rz13.hetzner.de           0.0%  1000   55.6  50.9  36.8  68.1   6.4
 11. ???                                       100.0  1000    0.0   0.0   0.0   0.0   0.0
 12. h2t.preissler.me                           0.0%  1000   52.5  50.0  36.0  69.3   6.3
