HOST: alix                             Loss%   Snt   Last   Avg  Best  Wrst StDev
  1. fritz.box                         0.0%  1000    0.8   0.7   0.7   3.1   0.1
  2. 2003:0:1801:c201::1               0.0%  1000   21.5  21.2  20.7  24.5   0.5
  3. 2003:0:1801:c218::2               0.0%  1000   23.9  24.7  22.1  30.8   1.3
  4. 2003:0:1308:4000::1               0.0%  1000   55.7  28.0  26.9  74.1   3.3
  5. 2003:0:1308:4007::2               0.0%  1000   27.6  28.3  27.3  67.3   2.8
  6. xe-3-0-2.fra28.ip6.gtt.net        0.0%  1000   28.5  28.3  27.3  77.2   2.9
  7. hetzner-online-gw.ip4.gtt.net     0.0%  1000   34.3  34.6  33.6  62.2   2.4
  8. core1.hetzner.de                  0.0%  1000   33.4  33.6  32.9  70.2   2.0
  9. core21.hetzner.de                 0.0%  1000   35.6  35.8  34.9  65.9   2.4
 10. juniper3.rz10.hetzner.de          0.0%  1000   45.0  36.6  35.2  69.6   3.6
 11. hos-tr3.ms-ex3k2.rz13.hetzner.de  0.0%  1000   37.4  37.6  36.5  46.0   0.9
 12. ???                              100.0  1000    0.0   0.0   0.0   0.0   0.0
 13. h2t.preissler.me                  0.0%  1000   35.4  35.6  34.8  40.3   0.6
