HOST: alix                                      Loss%   Snt   Last   Avg  Best  Wrst StDev
  1. fritz.box                                  0.0%  1000    0.8   0.7   0.7   2.7   0.1
  2. 2003:0:1801:c201::1                        0.0%  1000   21.3  21.3  20.7  32.5   0.8
  3. 2003:0:1803:8318::2                        0.4%  1000   22.8  24.7  22.2  43.6   1.4
  4. 2003:0:1306:c000::1                        0.0%  1000   64.4  30.3  27.6  91.1   7.4
  5. 2003:0:1306:c008::2                       90.2%  1000   29.3  29.4  28.5  31.1   0.6
  6. ce-0-4-0-0.r03.frnkge03.de.ce.gin.ntt.net  0.0%  1000   33.8  34.1  33.4  60.0   1.9
  7. core4.hetzner.de                           0.0%  1000   33.8  34.1  33.6  43.5   0.8
  8. core21.hetzner.de                          0.0%  1000   36.1  36.1  35.2  65.3   2.7
  9. juniper3.rz10.hetzner.de                   0.0%  1000   36.5  37.3  35.4  69.9   3.2
 10. hos-tr1.ms-ex3k2.rz13.hetzner.de           0.0%  1000   39.9  39.3  36.6  48.7   2.0
 11. ???                                       100.0  1000    0.0   0.0   0.0   0.0   0.0
 12. h2t.preissler.me                           0.0%  1000   36.7  38.7  35.8  51.8   2.0
