HOST: alix                                      Loss%   Snt   Last   Avg  Best  Wrst StDev
  1. fritz.box                                  0.0%  1000    0.8   0.7   0.7   1.2   0.1
  2. 2003:0:1801:c201::1                        0.0%  1000   21.5  21.2  20.8  23.6   0.4
  3. 2003:0:1803:8318::2                        0.0%  1000   25.6  24.6  22.0  28.8   1.2
  4. 2003:0:1306:c000::1                        0.0%  1000   28.7  30.7  27.6  91.2   8.8
  5. 2003:0:1306:c008::2                       89.5%  1000   28.9  29.2  28.6  36.9   0.9
  6. ce-0-4-0-0.r03.frnkge03.de.ce.gin.ntt.net  0.0%  1000   34.3  34.2  33.3  57.0   2.1
  7. core4.hetzner.de                           0.0%  1000   34.2  34.0  33.6  43.3   0.8
  8. core21.hetzner.de                          0.0%  1000   35.8  35.9  35.2  56.9   1.8
  9. juniper3.rz10.hetzner.de                   0.0%  1000   37.0  37.7  35.7  69.0   3.9
 10. hos-tr1.ms-ex3k2.rz13.hetzner.de           0.0%  1000   38.1  38.5  36.2  48.2   1.9
 11. ???                                       100.0  1000    0.0   0.0   0.0   0.0   0.0
 12. h2t.preissler.me                           0.0%  1000   37.7  38.0  35.7  48.2   1.9
