HOST: alix                                      Loss%   Snt   Last   Avg  Best  Wrst StDev
  1. fritz.box                                  0.0%  1000    0.8   0.7   0.7   2.5   0.1
  2. 2003:0:1801:c201::1                        0.0%  1000   21.6  21.3  20.7  41.4   0.7
  3. 2003:0:1801:c218::2                        0.0%  1000   24.0  24.6  22.2  40.5   1.3
  4. 2003:0:1306:c000::1                        0.0%  1000   28.8  30.9  27.6  93.3   8.9
  5. 2003:0:1306:c008::2                       90.5%  1000   28.9  29.2  28.4  31.0   0.5
  6. ce-0-4-0-0.r03.frnkge03.de.ce.gin.ntt.net  0.0%  1000   34.2  34.1  33.4  55.9   1.8
  7. core4.hetzner.de                           0.0%  1000   34.6  34.1  33.5  43.4   0.8
  8. core21.hetzner.de                          0.0%  1000   35.9  35.8  35.2  57.7   1.7
  9. juniper3.rz10.hetzner.de                   0.0%  1000   36.3  36.4  35.7  67.7   2.3
 10. hos-tr1.ms-ex3k2.rz13.hetzner.de           0.0%  1000   37.3  37.2  36.3  46.7   1.0
 11. ???                                       100.0  1000    0.0   0.0   0.0   0.0   0.0
 12. h2t.preissler.me                           0.0%  1000   36.3  36.1  35.5  38.4   0.5
