HOST: alix                                      Loss%   Snt   Last   Avg  Best  Wrst StDev
  1. fritz.box                                  0.0%  1000    0.8   0.7   0.7   2.2   0.1
  2. 2003:0:1801:c201::1                        0.0%  1000   21.8  21.2  20.7  23.8   0.4
  3. 2003:0:1801:c218::2                        0.0%  1000   23.6  24.5  22.3  37.7   1.3
  4. 2003:0:1306:c000::1                        0.0%  1000   28.5  30.5  27.7 102.9   8.1
  5. 2003:0:1306:c008::2                       88.2%  1000   29.1  29.2  28.2  30.7   0.4
  6. ce-0-4-0-0.r03.frnkge03.de.ce.gin.ntt.net  0.0%  1000   34.3  34.4  33.4  57.1   2.2
  7. core4.hetzner.de                           0.0%  1000   34.0  34.1  33.5  50.2   0.8
  8. core21.hetzner.de                          0.0%  1000   36.1  36.0  35.2  57.7   1.9
  9. juniper3.rz10.hetzner.de                   0.0%  1000   36.0  36.8  35.7  68.4   3.6
 10. hos-tr1.ms-ex3k2.rz13.hetzner.de           0.0%  1000   37.8  37.1  36.2  47.2   0.9
 11. ???                                       100.0  1000    0.0   0.0   0.0   0.0   0.0
 12. h2t.preissler.me                           0.0%  1000   36.2  36.2  35.6  39.8   0.4
