HOST: alix                                      Loss%   Snt   Last   Avg  Best  Wrst StDev
  1. fritz.box                                  0.0%  1000    0.8   0.7   0.7   1.9   0.1
  2. 2003:0:1801:c201::1                        0.0%  1000   21.3  21.3  20.7  26.6   0.4
  3. 2003:0:1803:8318::2                        0.0%  1000   23.1  24.5  22.2  32.3   1.3
  4. 2003:0:1306:c000::1                        0.0%  1000   28.4  31.0  27.8  92.1   9.2
  5. 2003:0:1306:c008::2                       76.0%  1000   33.8  45.0  28.9  61.6   8.7
  6. ce-0-4-0-0.r03.frnkge03.de.ce.gin.ntt.net  1.3%  1000   56.5  57.9  53.6  83.3   3.4
  7. core4.hetzner.de                           1.0%  1000   56.7  57.7  54.2  72.3   2.6
  8. core21.hetzner.de                          0.5%  1000   59.6  59.5  55.8  86.8   3.1
  9. juniper3.rz10.hetzner.de                   1.5%  1000   59.1  59.9  55.8  88.6   3.5
 10. hos-tr1.ms-ex3k2.rz13.hetzner.de           0.8%  1000   61.4  60.5  57.3  77.1   2.5
 11. ???                                       100.0  1000    0.0   0.0   0.0   0.0   0.0
 12. h2t.preissler.me                           0.7%  1000   59.2  59.7  56.3  75.5   2.5
