HOST: alix                             Loss%   Snt   Last   Avg  Best  Wrst StDev
  1. fritz.box                         0.0%  1000    0.8   0.7   0.7   1.1   0.1
  2. 2003:0:1801:c201::1               0.0%  1000   21.4  21.3  20.7  25.6   0.6
  3. 2003:0:1803:8318::2               0.0%  1000   24.4  24.7  22.4  38.1   1.4
  4. 2003:0:1308:4000::1               0.0%  1000   27.2  28.1  26.9  71.8   3.1
  5. 2003:0:1308:4007::2               0.0%  1000   28.1  28.4  27.3  68.3   3.1
  6. xe-3-1-0.fra28.ip6.gtt.net        0.0%  1000   29.3  28.8  27.5  81.3   3.7
  7. hetzner-online-gw.ip4.gtt.net     0.0%  1000   34.2  34.5  33.7  57.5   2.1
  8. core1.hetzner.de                  0.0%  1000   33.2  33.5  32.8  57.1   1.8
  9. core21.hetzner.de                 0.0%  1000   35.6  35.8  34.9  63.1   2.3
 10. juniper3.rz10.hetzner.de          0.0%  1000   40.8  41.6  35.7  76.1   5.0
 11. hos-tr3.ms-ex3k2.rz13.hetzner.de  0.0%  1000   43.3  47.6  37.4  76.3   5.5
 12. ???                              100.0  1000    0.0   0.0   0.0   0.0   0.0
 13. h2t.preissler.me                  0.0%  1000   44.6  45.5  35.1  65.6   6.1
