HOST: alix                                      Loss%   Snt   Last   Avg  Best  Wrst StDev
  1. fritz.box                                  0.0%  1000    0.9   0.7   0.7   1.7   0.1
  2. 2003:0:1801:c201::1                        0.0%  1000   21.5  21.2  20.7  24.1   0.3
  3. 2003:0:1801:c218::2                        0.0%  1000   24.9  24.6  22.3  44.3   1.6
  4. 2003:0:1306:c000::1                        0.0%  1000   28.8  31.6  27.7  98.4  10.9
  5. 2003:0:1306:c008::2                       85.4%  1000   29.1  29.6  28.3  41.8   1.3
  6. ce-0-4-0-0.r03.frnkge03.de.ce.gin.ntt.net  0.0%  1000   44.6  38.6  33.4  61.3   6.0
  7. core4.hetzner.de                           0.0%  1000   43.7  38.8  33.7  57.4   5.9
  8. core21.hetzner.de                          0.0%  1000   49.4  40.5  35.2  63.3   6.0
  9. juniper3.rz10.hetzner.de                   0.0%  1000   50.7  41.6  35.8  89.2   7.1
 10. hos-tr1.ms-ex3k2.rz13.hetzner.de           0.0%  1000   49.7  41.5  36.5  67.1   6.0
 11. ???                                       100.0  1000    0.0   0.0   0.0   0.0   0.0
 12. h2t.preissler.me                           0.0%  1000   52.6  40.7  35.8  60.7   5.9
