HOST: alix                                      Loss%   Snt   Last   Avg  Best  Wrst StDev
  1. fritz.box                                  0.0%  1000    1.0   0.7   0.7   1.2   0.1
  2. 2003:0:1801:c201::1                        0.0%  1000   21.2  21.1  20.7  24.3   0.4
  3. 2003:0:1803:8318::2                        0.0%  1000   26.4  24.7  22.2  32.1   1.3
  4. 2003:0:1306:c000::1                        0.0%  1000   28.4  30.7  27.6  92.6   8.9
  5. 2003:0:1306:c008::2                       86.8%  1000   31.6  29.2  28.6  32.9   0.6
  6. ce-0-4-0-0.r03.frnkge03.de.ce.gin.ntt.net  0.0%  1000   34.1  34.2  33.3  62.9   2.2
  7. core4.hetzner.de                           0.0%  1000   34.1  34.0  33.5  41.8   0.6
  8. core21.hetzner.de                          0.0%  1000   35.8  36.2  35.2  58.6   2.8
  9. juniper3.rz10.hetzner.de                   0.0%  1000   45.8  40.0  35.8  72.9   4.3
 10. hos-tr1.ms-ex3k2.rz13.hetzner.de           0.0%  1000   39.7  43.0  36.7  58.8   3.8
 11. ???                                       100.0  1000    0.0   0.0   0.0   0.0   0.0
 12. h2t.preissler.me                           0.0%  1000   40.4  44.7  36.3  58.2   3.9
