HOST: alix                             Loss%   Snt   Last   Avg  Best  Wrst StDev
  1. fritz.box                         0.0%  1000    0.9   0.7   0.7  17.0   0.6
  2. 2003:0:1801:c201::1               0.0%  1000   21.3  21.3  20.7  25.3   0.5
  3. 2003:0:1803:8318::2               0.0%  1000   26.0  24.6  22.2  36.2   1.4
  4. 2003:0:1308:4000::1               0.0%  1000   27.7  28.0  27.1  68.9   3.2
  5. 2003:0:1308:4007::2               0.0%  1000   30.6  30.4  27.4  64.1   4.3
  6. xe-2-0-0.fra28.ip6.gtt.net        0.0%  1000   31.6  30.0  27.1  61.1   3.7
  7. hetzner-online-gw.ip4.gtt.net     0.0%  1000   35.2  36.4  33.8  66.0   3.3
  8. core1.hetzner.de                  0.9%  1000   37.2  35.5  32.9  54.8   3.0
  9. core21.hetzner.de                 0.0%  1000   36.8  37.8  35.0  64.8   3.6
 10. juniper3.rz10.hetzner.de          0.0%  1000   35.9  38.1  35.3  75.5   3.8
 11. hos-tr3.ms-ex3k2.rz13.hetzner.de  0.0%  1000   40.0  39.3  36.7  53.1   2.7
 12. ???                              100.0  1000    0.0   0.0   0.0   0.0   0.0
 13. h2t.preissler.me                  0.0%  1000   38.4  37.2  34.8  49.6   2.6
