HOST: alix                                      Loss%   Snt   Last   Avg  Best  Wrst StDev
  1. fritz.box                                  0.0%  1000    0.8   0.7   0.7   1.2   0.1
  2. 2003:0:1801:c201::1                        0.0%  1000   21.5  21.3  20.7  26.1   0.5
  3. 2003:0:1803:8318::2                        0.0%  1000   23.4  24.6  22.3  41.7   1.5
  4. 2003:0:1306:c000::1                        0.0%  1000   28.2  31.1  27.5 117.4  10.1
  5. 2003:0:1306:c008::2                       90.8%  1000   28.7  29.3  28.4  32.2   0.6
  6. ce-0-4-0-0.r03.frnkge03.de.ce.gin.ntt.net  0.0%  1000   34.6  34.3  33.4  58.1   2.2
  7. core4.hetzner.de                           0.0%  1000   34.9  34.1  33.6  44.6   0.8
  8. core21.hetzner.de                          0.0%  1000   36.2  36.1  35.2  58.0   1.9
  9. juniper3.rz10.hetzner.de                   0.0%  1000   36.2  36.6  35.6  70.2   2.7
 10. hos-tr1.ms-ex3k2.rz13.hetzner.de           0.0%  1000   37.4  37.2  36.2  45.9   0.9
 11. ???                                       100.0  1000    0.0   0.0   0.0   0.0   0.0
 12. h2t.preissler.me                           0.0%  1000   38.5  36.2  35.5  42.4   0.6
