HOST: alix                                      Loss%   Snt   Last   Avg  Best  Wrst StDev
  1. fritz.box                                  0.0%  1000    1.0   0.7   0.7   1.3   0.1
  2. 2003:0:1801:c201::1                        0.0%  1000   21.1  21.1  20.7  23.8   0.3
  3. 2003:0:1801:c218::2                        0.0%  1000   26.2  24.6  22.5  39.4   1.4
  4. 2003:0:1306:c000::1                        0.0%  1000   96.4  30.9  27.8  96.4   8.9
  5. 2003:0:1306:c008::2                       91.6%  1000   28.8  29.2  28.5  30.6   0.5
  6. ce-0-4-0-0.r03.frnkge03.de.ce.gin.ntt.net  0.0%  1000   33.7  34.0  33.4  53.0   1.3
  7. core4.hetzner.de                           0.0%  1000   34.0  34.0  33.6  42.7   0.7
  8. core21.hetzner.de                          0.0%  1000   35.3  35.9  35.1  57.4   2.0
  9. juniper3.rz10.hetzner.de                   0.0%  1000   36.6  37.3  35.7  68.2   3.5
 10. hos-tr1.ms-ex3k2.rz13.hetzner.de           0.0%  1000   37.3  38.3  36.4  55.2   1.3
 11. ???                                       100.0  1000    0.0   0.0   0.0   0.0   0.0
 12. h2t.preissler.me                           0.0%  1000   36.9  39.4  35.8 2062.  64.0
