HOST: alix                                      Loss%   Snt   Last   Avg  Best  Wrst StDev
  1. fritz.box                                  0.0%  1000    0.8   0.7   0.7   3.5   0.1
  2. 2003:0:1801:c201::1                        0.0%  1000   21.3  21.2  20.7  24.2   0.5
  3. 2003:0:1803:8318::2                        0.0%  1000   25.0  24.5  22.3  30.9   1.2
  4. 2003:0:1306:c000::1                        2.1%  1000   54.2  33.2  27.3 207.9  18.6
  5. 2003:0:1306:c008::2                       85.3%  1000   29.2  29.1  28.3  31.8   0.6
  6. ce-0-4-0-0.r03.frnkge03.de.ce.gin.ntt.net  0.0%  1000   33.7  34.0  33.4  53.5   1.6
  7. core4.hetzner.de                           0.0%  1000   34.6  34.0  33.5  41.0   0.6
  8. core21.hetzner.de                          0.0%  1000   36.1  35.9  35.2  58.1   1.8
  9. juniper3.rz10.hetzner.de                   0.0%  1000   56.5  52.3  36.3  92.8   8.8
 10. hos-tr1.ms-ex3k2.rz13.hetzner.de           0.0%  1000   64.5  60.6  42.0  93.1   9.1
 11. ???                                       100.0  1000    0.0   0.0   0.0   0.0   0.0
 12. h2t.preissler.me                           2.2%  1000   56.3  56.0  38.3  75.7   6.9
