HOST: alix                                      Loss%   Snt   Last   Avg  Best  Wrst StDev
  1. fritz.box                                  0.0%  1000    0.8   0.7   0.7   2.0   0.1
  2. 2003:0:1801:c201::1                        0.0%  1000   21.3  21.2  20.7  29.5   0.4
  3. 2003:0:1801:c218::2                        0.0%  1000   23.2  24.6  22.1  38.0   1.4
  4. 2003:0:1306:c000::1                        0.0%  1000   28.5  30.7  27.7 114.7   8.9
  5. 2003:0:1306:c008::2                       91.8%  1000   29.8  29.1  28.3  30.6   0.4
  6. ce-0-4-0-0.r03.frnkge03.de.ce.gin.ntt.net  0.0%  1000   34.1  34.3  33.4  59.3   2.5
  7. core4.hetzner.de                           0.0%  1000   34.0  34.2  33.6  59.4   2.1
  8. core21.hetzner.de                          0.0%  1000   35.6  36.3  35.2  67.8   3.3
  9. juniper3.rz10.hetzner.de                   0.0%  1000   36.4  36.6  35.6  69.4   2.8
 10. hos-tr1.ms-ex3k2.rz13.hetzner.de           0.0%  1000   37.1  37.0  36.2  44.9   0.8
 11. ???                                       100.0  1000    0.0   0.0   0.0   0.0   0.0
 12. h2t.preissler.me                           0.0%  1000   36.1  36.1  35.5  41.9   0.5
