HOST: alix                                      Loss%   Snt   Last   Avg  Best  Wrst StDev
  1. fritz.box                                  0.0%  1000    0.7   0.7   0.7   1.3   0.1
  2. 2003:0:1801:c201::1                        0.0%  1000   21.6  21.2  20.7  24.4   0.4
  3. 2003:0:1801:c218::2                        0.0%  1000   27.2  24.6  22.2  44.7   1.4
  4. 2003:0:1306:c000::1                        0.0%  1000   28.7  30.4  27.7 112.7   8.6
  5. 2003:0:1306:c008::2                       87.8%  1000   28.7  29.2  28.5  31.8   0.5
  6. ce-0-4-0-0.r03.frnkge03.de.ce.gin.ntt.net  0.0%  1000   34.7  34.2  33.3  57.5   2.1
  7. core4.hetzner.de                           0.0%  1000   34.0  34.0  33.6  42.7   0.5
  8. core21.hetzner.de                          0.0%  1000   35.8  35.9  35.2  57.3   1.9
  9. juniper3.rz10.hetzner.de                   0.0%  1000   37.4  38.8  35.5  75.9   3.9
 10. hos-tr1.ms-ex3k2.rz13.hetzner.de           0.0%  1000   49.6  41.5  36.4  54.3   3.5
 11. ???                                       100.0  1000    0.0   0.0   0.0   0.0   0.0
 12. h2t.preissler.me                           0.1%  1000   44.0  40.6  35.8  56.2   3.1
