HOST: alix                                      Loss%   Snt   Last   Avg  Best  Wrst StDev
  1. fritz.box                                  0.0%  1000    0.7   0.7   0.7   1.5   0.1
  2. 2003:0:1801:c201::1                        0.0%  1000   21.6  21.4  20.8  74.6   1.9
  3. 2003:0:1803:8318::2                        0.0%  1000   23.4  24.7  22.1  51.4   2.1
  4. 2003:0:1306:c000::1                        0.0%  1000   28.8  31.3  27.6 108.4  10.1
  5. 2003:0:1306:c008::2                       75.6%  1000   29.2  64.1  28.4 105.2  25.5
  6. ce-0-4-0-0.r03.frnkge03.de.ce.gin.ntt.net  0.4%  1000   57.1  80.2  52.9 181.4  26.8
  7. core4.hetzner.de                           0.8%  1000   55.6  80.1  52.7 183.4  26.6
  8. core21.hetzner.de                          0.5%  1000   59.1  81.8  53.1 156.0  26.5
  9. juniper3.rz10.hetzner.de                   1.3%  1000   80.8  82.6  55.0 153.9  26.7
 10. hos-tr1.ms-ex3k2.rz13.hetzner.de           0.6%  1000   62.1  82.8  55.6 154.9  26.3
 11. ???                                       100.0  1000    0.0   0.0   0.0   0.0   0.0
 12. h2t.preissler.me                           0.8%  1000   58.3  82.1  55.3 192.4  26.5
