HOST: alix                                      Loss%   Snt   Last   Avg  Best  Wrst StDev
  1. fritz.box                                  0.0%  1000    0.8   0.7   0.7   1.7   0.1
  2. 2003:0:1801:c201::1                        0.0%  1000   21.2  22.5  20.8  74.5   3.6
  3. 2003:0:1803:8318::2                        0.0%  1000   24.7  26.1  22.2  47.9   3.7
  4. 2003:0:1306:c000::1                        0.0%  1000   28.5  32.9  27.6 116.2  11.6
  5. 2003:0:1306:c008::2                       87.1%  1000   29.5  30.1  28.4  39.6   2.8
  6. ce-0-4-0-0.r03.frnkge03.de.ce.gin.ntt.net  0.0%  1000   33.9  35.9  33.3  93.0   4.7
  7. core4.hetzner.de                           0.0%  1000   34.5  35.5  33.5  95.5   4.0
  8. core21.hetzner.de                          0.0%  1000   36.1  37.4  35.2  59.1   4.0
  9. juniper3.rz10.hetzner.de                   0.0%  1000   36.5  38.0  35.5  69.6   4.6
 10. hos-tr1.ms-ex3k2.rz13.hetzner.de           0.0%  1000   37.4  38.4  36.1  55.0   3.5
 11. ???                                       100.0  1000    0.0   0.0   0.0   0.0   0.0
 12. h2t.preissler.me                           0.0%  1000   36.3  37.5  35.5  60.9   3.5
