HOST: alix                                      Loss%   Snt   Last   Avg  Best  Wrst StDev
  1. fritz.box                                  0.0%  1000    0.8   0.7   0.7  31.9   1.0
  2. 2003:0:1801:c201::1                        0.0%  1000   21.3  21.2  20.7  24.1   0.4
  3. 2003:0:1801:c218::2                        0.7%  1000   25.8  24.5  22.3  32.0   1.2
  4. 2003:0:1306:c000::1                        0.0%  1000   28.7  30.9  27.7 101.5   9.2
  5. 2003:0:1306:c008::2                       91.2%  1000   29.1  29.2  28.4  31.8   0.6
  6. ce-0-4-0-0.r03.frnkge03.de.ce.gin.ntt.net  0.0%  1000   33.9  34.2  33.3  56.7   2.2
  7. core4.hetzner.de                           0.0%  1000   34.2  34.0  33.6  43.3   0.7
  8. core21.hetzner.de                          0.0%  1000   35.5  35.9  35.2  57.9   2.0
  9. juniper3.rz10.hetzner.de                   0.0%  1000   36.4  37.8  35.7  71.5   3.5
 10. hos-tr1.ms-ex3k2.rz13.hetzner.de           0.0%  1000   39.9  40.3  36.6  57.2   2.6
 11. ???                                       100.0  1000    0.0   0.0   0.0   0.0   0.0
 12. h2t.preissler.me                           0.0%  1000   38.1  41.0  35.8  57.9   3.5
