HOST: alix                             Loss%   Snt   Last   Avg  Best  Wrst StDev
  1. fritz.box                         0.0%  1000    0.8   0.7   0.7   2.4   0.1
  2. 2003:0:1801:c201::1               0.0%  1000   21.5  21.3  20.7  34.9   0.6
  3. 2003:0:1803:8318::2               0.0%  1000   26.3  24.7  22.1  51.2   1.7
  4. 2003:0:1308:4000::1               0.0%  1000   27.6  28.1  27.0  82.9   4.0
  5. 2003:0:1308:4007::2               0.0%  1000   28.1  29.0  27.4  71.3   4.4
  6. xe-3-0-0.fra28.ip6.gtt.net        0.0%  1000   28.0  28.3  27.1  63.5   2.5
  7. hetzner-online-gw.ip4.gtt.net     0.5%  1000   34.5  34.8  33.8  56.6   2.2
  8. core1.hetzner.de                  0.4%  1000   33.5  33.8  32.9  51.3   1.6
  9. core21.hetzner.de                 0.0%  1000   35.4  35.9  35.0  63.3   2.1
 10. juniper3.rz10.hetzner.de          0.0%  1000   35.6  36.5  35.3  62.6   2.7
 11. hos-tr3.ms-ex3k2.rz13.hetzner.de  0.0%  1000   36.8  37.6  36.6  46.2   1.1
 12. ???                              100.0  1000    0.0   0.0   0.0   0.0   0.0
 13. h2t.preissler.me                  0.0%  1000   35.6  35.6  34.9  42.8   0.8
