HOST: alix                                      Loss%   Snt   Last   Avg  Best  Wrst StDev
  1. fritz.box                                  0.0%  1000    0.8   0.7   0.7   2.1   0.1
  2. 2003:0:1801:c201::1                        0.0%  1000   21.6  21.4  20.7  24.2   0.6
  3. 2003:0:1801:c218::2                        0.3%  1000   24.7  24.7  22.2  43.7   1.5
  4. 2003:0:1306:c000::1                        0.0%  1000   28.7  31.4  27.7  94.7   9.6
  5. 2003:0:1306:c008::2                       89.5%  1000   35.3  36.6  28.9  64.9   8.1
  6. ce-0-4-0-0.r03.frnkge03.de.ce.gin.ntt.net  1.7%  1000   66.8  59.6  54.3  96.8   5.2
  7. core4.hetzner.de                           1.6%  1000   57.5  59.2  55.0  84.9   4.3
  8. core21.hetzner.de                          0.6%  1000   59.0  60.9  56.4  89.0   4.4
  9. juniper3.rz10.hetzner.de                   0.8%  1000   60.1  61.9  55.6  99.2   4.8
 10. hos-tr1.ms-ex3k2.rz13.hetzner.de           1.5%  1000   60.0  62.4  57.9  83.9   4.0
 11. ???                                       100.0  1000    0.0   0.0   0.0   0.0   0.0
 12. h2t.preissler.me                           1.4%  1000   58.3  60.7  56.5  80.3   4.1
