HOST: alix                             Loss%   Snt   Last   Avg  Best  Wrst StDev
  1. fritz.box                         0.0%  1000    0.9   0.7   0.7   1.2   0.1
  2. 2003:0:1801:c201::1               0.0%  1000   21.8  21.3  20.8  24.0   0.5
  3. 2003:0:1801:c218::2               0.0%  1000   25.8  24.7  22.2  45.1   1.5
  4. 2003:0:1308:4000::1               0.0%  1000   27.4  28.2  27.1  85.4   3.9
  5. 2003:0:1308:4007::2               0.0%  1000   28.9  29.2  27.4  76.2   4.0
  6. xe-3-0-2.fra28.ip6.gtt.net        0.0%  1000   28.6  29.1  27.4  81.1   3.6
  7. hetzner-online-gw.ip4.gtt.net     1.8%  1000   57.0  57.7  55.5  87.5   3.1
  8. core1.hetzner.de                  0.8%  1000   56.8  56.8  54.5  92.1   3.0
  9. core21.hetzner.de                 0.9%  1000   58.1  58.6  56.1  83.7   2.2
 10. juniper3.rz10.hetzner.de          1.5%  1000   58.6  59.2  56.5  89.7   2.9
 11. hos-tr3.ms-ex3k2.rz13.hetzner.de  0.4%  1000   62.3  60.4  58.3  71.6   1.6
 12. ???                              100.0  1000    0.0   0.0   0.0   0.0   0.0
 13. h2t.preissler.me                  1.6%  1000   58.3  58.4  56.3  69.8   1.5
