HOST: alix                                      Loss%   Snt   Last   Avg  Best  Wrst StDev
  1. fritz.box                                  0.0%  1000    0.7   0.7   0.7   2.9   0.1
  2. 2003:0:1801:c201::1                        0.0%  1000   21.4  21.2  20.8  32.0   0.6
  3. 2003:0:1801:c218::2                        0.0%  1000   25.9  24.6  22.2  41.1   1.5
  4. 2003:0:1306:c000::1                        0.0%  1000   49.0  31.1  27.8  92.3   9.4
  5. 2003:0:1306:c008::2                       83.9%  1000   28.8  29.4  28.6  36.8   0.9
  6. ce-0-4-0-0.r03.frnkge03.de.ce.gin.ntt.net  0.0%  1000   42.1  42.7  33.6  68.8   7.5
  7. core4.hetzner.de                           0.0%  1000   46.4  42.8  33.7  66.6   7.4
  8. core21.hetzner.de                          0.1%  1000   48.0  44.6  35.3  72.4   7.7
  9. juniper3.rz10.hetzner.de                   0.0%  1000   48.4  45.3  35.8  92.7   8.2
 10. hos-tr1.ms-ex3k2.rz13.hetzner.de           0.0%  1000   49.5  45.7  36.4  68.5   7.3
 11. ???                                       100.0  1000    0.0   0.0   0.0   0.0   0.0
 12. h2t.preissler.me                           0.1%  1000   49.1  44.8  35.6  59.4   7.3
