HOST: alix                                      Loss%   Snt   Last   Avg  Best  Wrst StDev
  1. fritz.box                                  0.0%  1000    0.8   0.7   0.7   1.9   0.1
  2. 2003:0:1801:c201::1                        0.0%  1000   21.4  21.2  20.7  23.6   0.4
  3. 2003:0:1801:c218::2                        0.0%  1000   26.0  24.6  22.1  47.8   1.6
  4. 2003:0:1306:c000::1                        0.0%  1000   28.3  31.4  27.9  94.3   9.9
  5. 2003:0:1306:c008::2                       85.7%  1000   29.0  29.7  28.6  36.6   1.3
  6. ce-0-4-0-0.r03.frnkge03.de.ce.gin.ntt.net  0.7%  1000   53.4  54.5  41.1  77.8   3.1
  7. core4.hetzner.de                           0.3%  1000   53.8  54.4  41.2  68.4   2.7
  8. core21.hetzner.de                          0.7%  1000   53.7  56.3  44.3  79.3   3.0
  9. juniper3.rz10.hetzner.de                   0.4%  1000   57.1  57.2  44.1  91.5   4.7
 10. hos-tr1.ms-ex3k2.rz13.hetzner.de           0.4%  1000   57.2  57.5  45.0  77.1   2.9
 11. ???                                       100.0  1000    0.0   0.0   0.0   0.0   0.0
 12. h2t.preissler.me                           0.1%  1000   57.6  56.5  43.7  66.6   2.6
