HOST: alix                             Loss%   Snt   Last   Avg  Best  Wrst StDev
  1. fritz.box                         0.0%  1000    0.8   0.7   0.7   2.8   0.1
  2. 2003:0:1801:c201::1               0.0%  1000   21.1  21.2  20.8  35.3   0.6
  3. 2003:0:1801:c218::2               0.0%  1000   26.3  24.8  22.2  40.9   1.4
  4. 2003:0:1308:4000::1               0.0%  1000   27.5  27.8  26.9  61.9   2.6
  5. 2003:0:1308:4007::2               0.0%  1000   28.3  28.3  27.4  58.9   2.7
  6. xe-3-1-0.fra28.ip6.gtt.net        0.0%  1000   28.8  28.5  27.5  72.2   3.1
  7. hetzner-online-gw.ip4.gtt.net     0.0%  1000   33.9  34.5  33.8  55.8   2.0
  8. core1.hetzner.de                  0.1%  1000   33.3  33.6  32.9  54.6   1.9
  9. core21.hetzner.de                 0.0%  1000   35.7  35.7  34.9  67.9   2.3
 10. juniper3.rz10.hetzner.de          0.0%  1000   36.8  37.5  35.4  71.1   3.5
 11. hos-tr3.ms-ex3k2.rz13.hetzner.de  0.0%  1000   39.8  40.0  36.9  62.7   2.2
 12. ???                              100.0  1000    0.0   0.0   0.0   0.0   0.0
 13. h2t.preissler.me                  0.0%  1000   38.1  37.7  34.8  46.8   1.7
