HOST: alix                                      Loss%   Snt   Last   Avg  Best  Wrst StDev
  1. fritz.box                                  0.0%  1000    0.8   0.7   0.7   1.8   0.1
  2. 2003:0:1801:c201::1                        0.0%  1000   21.7  21.2  20.7  23.8   0.3
  3. 2003:0:1801:c218::2                        0.0%  1000   23.3  24.5  22.2  42.8   1.4
  4. 2003:0:1306:c000::1                        0.0%  1000   28.6  31.0  27.6 104.1   9.4
  5. 2003:0:1306:c008::2                       84.6%  1000   29.1  29.3  28.3  32.6   0.7
  6. ce-0-4-0-0.r03.frnkge03.de.ce.gin.ntt.net  0.0%  1000   34.2  34.3  33.5  55.0   1.7
  7. core4.hetzner.de                           0.0%  1000   36.9  34.3  33.6  56.2   1.7
  8. core21.hetzner.de                          0.0%  1000   35.5  36.0  35.2  57.6   2.0
  9. juniper3.rz10.hetzner.de                   0.0%  1000   36.1  36.7  35.6  66.0   3.2
 10. hos-tr1.ms-ex3k2.rz13.hetzner.de           0.0%  1000   37.4  37.2  36.4  49.4   1.0
 11. ???                                       100.0  1000    0.0   0.0   0.0   0.0   0.0
 12. h2t.preissler.me                           0.0%  1000   36.5  36.2  35.5  40.6   0.5
