HOST: alix                                      Loss%   Snt   Last   Avg  Best  Wrst StDev
  1. fritz.box                                  0.0%  1000    0.7   0.7   0.7   1.1   0.1
  2. 2003:0:1801:c201::1                        0.0%  1000   21.3  21.2  20.7  27.8   0.5
  3. 2003:0:1801:c218::2                        0.0%  1000   22.6  24.6  22.3  36.5   1.3
  4. 2003:0:1306:c000::1                        0.0%  1000   28.3  31.0  27.7 127.4   9.2
  5. 2003:0:1306:c008::2                       88.8%  1000   29.4  29.3  28.5  32.6   0.7
  6. ce-0-4-0-0.r03.frnkge03.de.ce.gin.ntt.net  0.0%  1000   34.0  34.3  33.4  56.6   1.7
  7. core4.hetzner.de                           0.0%  1000   34.3  34.0  33.5  41.6   0.6
  8. core21.hetzner.de                          0.0%  1000   36.6  35.9  35.2  58.7   1.9
  9. juniper3.rz10.hetzner.de                   0.0%  1000   36.0  36.4  35.5  71.3   2.3
 10. hos-tr1.ms-ex3k2.rz13.hetzner.de           0.0%  1000   37.4  37.1  36.2  46.5   0.8
 11. ???                                       100.0  1000    0.0   0.0   0.0   0.0   0.0
 12. h2t.preissler.me                           0.0%  1000   36.3  36.2  35.6  52.3   0.6
