HOST: alix                             Loss%   Snt   Last   Avg  Best  Wrst StDev
  1. fritz.box                         0.0%  1000    0.8   0.7   0.7   1.1   0.1
  2. 2003:0:1801:c201::1               0.0%  1000   21.3  21.3  20.7  29.5   0.7
  3. 2003:0:1803:8318::2               0.0%  1000   24.0  24.8  22.2  40.0   1.4
  4. 2003:0:1308:4000::1               0.0%  1000   27.8  28.3  26.8  83.2   4.0
  5. 2003:0:1308:4007::2               0.0%  1000   28.1  28.5  27.4  72.6   3.4
  6. xe-3-0-1.fra28.ip6.gtt.net        0.0%  1000   28.0  28.5  27.4  63.8   3.0
  7. hetzner-online-gw.ip4.gtt.net     0.0%  1000   34.3  34.7  33.6  58.2   2.9
  8. core1.hetzner.de                  0.0%  1000   33.9  33.7  32.9  53.4   1.8
  9. core21.hetzner.de                 0.0%  1000   35.5  35.8  34.9  53.9   2.0
 10. juniper3.rz10.hetzner.de          0.0%  1000   38.7  38.6  35.2  69.8   4.1
 11. hos-tr3.ms-ex3k2.rz13.hetzner.de  0.0%  1000   41.2  42.4  36.8  61.3   3.3
 12. ???                              100.0  1000    0.0   0.0   0.0   0.0   0.0
 13. h2t.preissler.me                  0.0%  1000   39.8  39.9  35.3  55.8   3.0
