HOST: alix                                      Loss%   Snt   Last   Avg  Best  Wrst StDev
  1. fritz.box                                  0.0%  1000    0.8   0.7   0.7   1.5   0.1
  2. 2003:0:1801:c201::1                        0.0%  1000   21.4  21.2  20.7  23.7   0.3
  3. 2003:0:1801:c218::2                        0.0%  1000   24.3  24.5  22.2  42.1   1.4
  4. 2003:0:1306:c000::1                        0.0%  1000   28.4  31.5  27.8 126.9  10.5
  5. 2003:0:1306:c008::2                       83.3%  1000   29.4  29.2  28.5  31.1   0.5
  6. ce-0-4-0-0.r03.frnkge03.de.ce.gin.ntt.net  0.0%  1000   34.2  38.7  33.5  67.1   7.1
  7. core4.hetzner.de                           0.0%  1000   34.1  38.6  33.6  56.9   6.9
  8. core21.hetzner.de                          0.1%  1000   35.5  40.4  35.3  65.2   7.0
  9. juniper3.rz10.hetzner.de                   0.0%  1000   44.9  41.3  35.7  84.8   7.4
 10. hos-tr1.ms-ex3k2.rz13.hetzner.de           0.0%  1000   37.4  42.2  36.6  63.9   6.7
 11. ???                                       100.0  1000    0.0   0.0   0.0   0.0   0.0
 12. h2t.preissler.me                           0.0%  1000   36.7  41.2  35.7  59.3   6.6
