HOST: alix                                      Loss%   Snt   Last   Avg  Best  Wrst StDev
  1. fritz.box                                  0.0%  1000    0.7   0.7   0.7   1.1   0.1
  2. 2003:0:1801:c201::1                        0.0%  1000   21.5  21.2  20.7  26.8   0.4
  3. 2003:0:1803:8318::2                        0.0%  1000   24.8  24.5  22.3  42.8   1.4
  4. 2003:0:1306:c000::1                        0.0%  1000   28.5  31.4  27.7 103.1  10.5
  5. 2003:0:1306:c008::2                       86.1%  1000   41.7  41.4  28.5 1056.  93.6
  6. ce-0-4-0-0.r03.frnkge03.de.ce.gin.ntt.net  0.0%  1000   34.8  34.5  33.5  57.8   2.1
  7. core4.hetzner.de                           0.0%  1000   33.9  34.4  33.6  44.8   1.2
  8. core21.hetzner.de                          0.0%  1000   36.0  36.3  35.3  57.8   2.4
  9. juniper3.rz10.hetzner.de                   0.0%  1000   36.1  36.7  35.6  69.0   3.0
 10. hos-tr1.ms-ex3k2.rz13.hetzner.de           0.0%  1000   37.1  37.3  36.2  48.6   1.1
 11. ???                                       100.0  1000    0.0   0.0   0.0   0.0   0.0
 12. h2t.preissler.me                           0.0%  1000   36.3  36.4  35.7  49.7   0.9
