HOST: alix                                      Loss%   Snt   Last   Avg  Best  Wrst StDev
  1. fritz.box                                  0.0%  1000    0.8   0.7   0.7   5.4   0.2
  2. 2003:0:1801:c201::1                        0.0%  1000   22.0  21.8  20.7  81.5   4.9
  3. 2003:0:1803:8318::2                        0.1%  1000   26.2  25.1  22.0  85.1   5.1
  4. 2003:0:1306:c000::1                        0.0%  1000   28.6  31.8  27.6 154.5  11.6
  5. 2003:0:1306:c008::2                       76.1%  1000   56.4  56.5  49.6 118.7   5.7
  6. ce-0-4-0-0.r03.frnkge03.de.ce.gin.ntt.net  0.0%  1000   40.7  44.0  33.6 113.5   8.3
  7. core4.hetzner.de                           0.0%  1000   39.0  44.0  33.8 112.7   8.4
  8. core21.hetzner.de                          0.0%  1000   42.6  46.2  35.6 114.4   8.4
  9. juniper3.rz10.hetzner.de                   0.0%  1000   42.1  46.6  35.9 109.5   8.5
 10. hos-tr1.ms-ex3k2.rz13.hetzner.de           0.0%  1000   43.6  47.2  36.7 103.3   7.8
 11. ???                                       100.0  1000    0.0   0.0   0.0   0.0   0.0
 12. h2t.preissler.me                           0.0%  1000   45.2  46.2  35.9 112.6   8.1
