HOST: alix                             Loss%   Snt   Last   Avg  Best  Wrst StDev
  1. fritz.box                         0.0%  1000    0.9   0.7   0.7   1.1   0.1
  2. 2003:0:1801:c201::1               0.0%  1000   21.1  21.3  20.8  23.9   0.4
  3. 2003:0:1803:8318::2               0.0%  1000   26.0  24.7  21.9  44.5   1.5
  4. 2003:0:1308:4000::1               0.0%  1000   28.1  28.1  27.1  67.7   3.4
  5. 2003:0:1308:4007::2               0.0%  1000   41.7  55.7  27.4 118.7  26.0
  6. xe-2-0-1.fra28.ip6.gtt.net        0.0%  1000   38.3  55.2  27.3 140.0  26.0
  7. hetzner-online-gw.ip4.gtt.net     0.6%  1000   45.3  62.1  33.9 122.5  25.6
  8. core1.hetzner.de                  0.2%  1000   43.6  61.0  33.1 120.5  25.8
  9. core21.hetzner.de                 0.0%  1000   47.1  63.2  35.0 119.0  25.7
 10. juniper3.rz10.hetzner.de          0.0%  1000   44.3  64.1  35.5 142.8  26.0
 11. hos-tr3.ms-ex3k2.rz13.hetzner.de  0.0%  1000   47.2  65.0  36.9 120.9  25.7
 12. ???                              100.0  1000    0.0   0.0   0.0   0.0   0.0
 13. h2t.preissler.me                  0.0%  1000   45.9  62.9  35.1 119.2  25.6
