HOST: alix                                      Loss%   Snt   Last   Avg  Best  Wrst StDev
  1. fritz.box                                  0.0%  1000    0.8   0.7   0.7   1.2   0.1
  2. 2003:0:1801:c201::1                        0.0%  1000   21.1  21.2  20.7  29.7   0.6
  3. 2003:0:1803:8318::2                        0.0%  1000   25.9  24.6  22.3  41.2   1.5
  4. 2003:0:1306:c000::1                        0.0%  1000   28.7  30.7  27.7  95.2   8.6
  5. 2003:0:1306:c008::2                       87.8%  1000   28.7  29.1  28.3  30.9   0.4
  6. ce-0-4-0-0.r03.frnkge03.de.ce.gin.ntt.net  0.0%  1000   34.7  34.3  33.3  57.4   2.4
  7. core4.hetzner.de                           0.0%  1000   34.2  34.0  33.5  43.9   0.9
  8. core21.hetzner.de                          0.0%  1000   36.0  35.8  35.2  58.2   1.7
  9. juniper3.rz10.hetzner.de                   0.0%  1000   36.1  37.8  35.7  70.0   3.0
 10. hos-tr1.ms-ex3k2.rz13.hetzner.de           0.0%  1000   38.6  39.7  36.5  52.2   2.2
 11. ???                                       100.0  1000    0.0   0.0   0.0   0.0   0.0
 12. h2t.preissler.me                           0.0%  1000   39.4  39.2  36.0  48.6   1.9
