HOST: alix                             Loss%   Snt   Last   Avg  Best  Wrst StDev
  1. fritz.box                         0.0%  1000    0.8   0.7   0.7   3.6   0.1
  2. 2003:0:1801:c201::1               0.0%  1000   21.3  21.3  20.7  24.3   0.6
  3. 2003:0:1801:c218::2               0.0%  1000   26.5  24.8  22.4  49.8   1.7
  4. 2003:0:1308:4000::1               0.0%  1000   27.6  28.3  27.0  75.8   4.1
  5. 2003:0:1308:4007::2               0.0%  1000   28.1  28.2  27.3  62.9   2.5
  6. xe-2-0-1.fra28.ip6.gtt.net        0.0%  1000   28.0  28.2  27.1  82.3   3.8
  7. hetzner-online-gw.ip4.gtt.net     0.0%  1000   34.7  34.5  33.7  56.9   2.0
  8. core1.hetzner.de                  0.2%  1000   33.3  33.5  32.9  53.6   1.8
  9. core21.hetzner.de                 0.0%  1000   35.8  35.8  35.0  61.2   2.4
 10. juniper3.rz10.hetzner.de          0.0%  1000   37.5  39.3  35.2  70.7   4.5
 11. hos-tr3.ms-ex3k2.rz13.hetzner.de  0.0%  1000   45.6  45.9  37.4  64.8   4.8
 12. ???                              100.0  1000    0.0   0.0   0.0   0.0   0.0
 13. h2t.preissler.me                  0.0%  1000   41.6  43.8  36.1  58.2   4.2
