HOST: alix                                      Loss%   Snt   Last   Avg  Best  Wrst StDev
  1. fritz.box                                  0.0%  1000    0.7   0.7   0.7   2.9   0.1
  2. 2003:0:1801:c201::1                        0.0%  1000   21.5  21.2  20.8  24.5   0.4
  3. 2003:0:1801:c218::2                        2.3%  1000   24.1  24.6  22.3  40.7   1.4
  4. 2003:0:1306:c000::1                        4.2%  1000   28.7  30.7  27.6  95.1   8.6
  5. 2003:0:1306:c008::2                       91.3%  1000   29.1  29.2  28.5  30.9   0.5
  6. ce-0-4-0-0.r03.frnkge03.de.ce.gin.ntt.net  4.2%  1000   34.0  34.0  33.4  55.2   1.4
  7. core4.hetzner.de                           4.2%  1000   34.1  34.1  33.6  44.0   0.8
  8. core21.hetzner.de                          4.2%  1000   35.8  36.0  35.2  55.8   2.1
  9. juniper3.rz10.hetzner.de                   4.2%  1000   36.1  36.7  35.5  79.8   3.7
 10. hos-tr1.ms-ex3k2.rz13.hetzner.de           4.1%  1000   36.8  37.0  36.2  45.7   0.8
 11. ???                                       100.0  1000    0.0   0.0   0.0   0.0   0.0
 12. h2t.preissler.me                           4.1%  1000   36.0  36.0  35.4  39.8   0.4
