HOST: alix                                      Loss%   Snt   Last   Avg  Best  Wrst StDev
  1. fritz.box                                  0.0%  1000    0.8   0.7   0.7   1.3   0.1
  2. 2003:0:1801:c201::1                        0.0%  1000   21.6  21.2  20.7  24.1   0.3
  3. 2003:0:1801:c218::2                        0.0%  1000   24.1  24.6  22.3  35.9   1.3
  4. 2003:0:1306:c000::1                        0.0%  1000   28.2  30.9  27.5  94.8   9.1
  5. 2003:0:1306:c008::2                       89.3%  1000   29.1  29.2  28.3  31.4   0.5
  6. ce-0-4-0-0.r03.frnkge03.de.ce.gin.ntt.net  0.0%  1000   34.1  34.1  33.4  54.4   1.8
  7. core4.hetzner.de                           0.0%  1000   34.1  34.1  33.6  43.2   0.6
  8. core21.hetzner.de                          0.0%  1000   36.1  35.8  35.2  55.4   1.6
  9. juniper3.rz10.hetzner.de                   0.0%  1000   36.7  36.7  35.5  67.2   3.3
 10. hos-tr1.ms-ex3k2.rz13.hetzner.de           0.0%  1000   37.0  37.7  36.2  54.4   2.0
 11. ???                                       100.0  1000    0.0   0.0   0.0   0.0   0.0
 12. h2t.preissler.me                           0.0%  1000   36.2  36.1  35.5  39.8   0.4
