HOST: alix                                      Loss%   Snt   Last   Avg  Best  Wrst StDev
  1. fritz.box                                  0.0%  1000    0.7   0.7   0.7   1.3   0.1
  2. 2003:0:1801:c201::1                        0.0%  1000   20.9  21.1  20.7  23.8   0.4
  3. 2003:0:1803:8318::2                        0.0%  1000   25.6  24.5  22.1  39.5   1.3
  4. 2003:0:1306:c000::1                        0.0%  1000   28.8  31.0  27.6  99.8   9.7
  5. 2003:0:1306:c008::2                       90.7%  1000   29.2  29.3  28.4  33.4   0.6
  6. ce-0-4-0-0.r03.frnkge03.de.ce.gin.ntt.net  0.0%  1000   34.3  34.1  33.3  63.3   2.3
  7. core4.hetzner.de                           0.0%  1000   34.4  34.1  33.6  50.5   1.2
  8. core21.hetzner.de                          0.0%  1000   36.1  35.8  35.2  57.7   1.5
  9. juniper3.rz10.hetzner.de                   0.0%  1000   36.1  37.6  35.6  74.1   3.9
 10. hos-tr1.ms-ex3k2.rz13.hetzner.de           0.0%  1000   37.5  37.1  36.3  45.4   1.0
 11. ???                                       100.0  1000    0.0   0.0   0.0   0.0   0.0
 12. h2t.preissler.me                           0.0%  1000   36.7  36.1  35.5  39.7   0.6
