HOST: alix                                      Loss%   Snt   Last   Avg  Best  Wrst StDev
  1. fritz.box                                  0.0%  1000    0.8   0.7   0.7   1.4   0.1
  2. 2003:0:1801:c201::1                        0.0%  1000   21.6  21.1  20.7  24.7   0.3
  3. 2003:0:1801:c218::2                        0.0%  1000   26.5  24.6  22.4  32.6   1.3
  4. 2003:0:1306:c000::1                        0.0%  1000   28.5  30.7  27.5  95.3   8.6
  5. 2003:0:1306:c008::2                       85.8%  1000   29.2  29.1  28.2  30.8   0.5
  6. ce-0-4-0-0.r03.frnkge03.de.ce.gin.ntt.net  0.0%  1000   33.6  34.1  33.3  55.2   1.9
  7. core4.hetzner.de                           0.0%  1000   33.8  34.0  33.5  43.7   0.5
  8. core21.hetzner.de                          0.0%  1000   36.1  35.9  35.2  57.9   2.1
  9. juniper3.rz10.hetzner.de                   0.0%  1000   36.4  36.5  35.4  68.2   2.9
 10. hos-tr1.ms-ex3k2.rz13.hetzner.de           0.0%  1000   37.2  37.1  36.1  53.4   1.1
 11. ???                                       100.0  1000    0.0   0.0   0.0   0.0   0.0
 12. h2t.preissler.me                           0.0%  1000   35.5  36.1  35.5  43.1   0.5
