HOST: alix                             Loss%   Snt   Last   Avg  Best  Wrst StDev
  1. fritz.box                         0.0%  1000    0.7   0.7   0.7   1.1   0.1
  2. 2003:0:1801:c201::1               0.0%  1000   21.3  21.2  20.7  25.0   0.5
  3. 2003:0:1803:8318::2               0.0%  1000   26.6  24.7  22.1  39.6   1.4
  4. 2003:0:1308:4000::1               0.0%  1000   27.8  28.0  27.0  71.5   2.7
  5. 2003:0:1308:4007::2               0.0%  1000   27.8  28.2  27.3  59.6   2.3
  6. xe-2-1-0.fra28.ip6.gtt.net        0.0%  1000   27.9  28.0  27.1  69.4   2.8
  7. hetzner-online-gw.ip4.gtt.net     0.0%  1000   34.2  34.6  33.6  57.2   2.1
  8. core1.hetzner.de                  0.4%  1000   33.5  33.7  32.9  70.3   2.3
  9. core21.hetzner.de                 0.0%  1000   35.7  35.8  35.0  59.6   2.2
 10. juniper3.rz10.hetzner.de          0.0%  1000   36.3  36.8  35.3  66.8   3.2
 11. hos-tr3.ms-ex3k2.rz13.hetzner.de  0.0%  1000   37.1  38.1  36.8  44.7   1.1
 12. ???                              100.0  1000    0.0   0.0   0.0   0.0   0.0
 13. h2t.preissler.me                  0.0%  1000   35.8  35.9  34.8  39.3   0.7
