HOST: alix                                      Loss%   Snt   Last   Avg  Best  Wrst StDev
  1. fritz.box                                  0.0%  1000    0.8   0.7   0.7   1.2   0.1
  2. 2003:0:1801:c201::1                        0.0%  1000   21.7  27.0  20.7  48.0   5.8
  3. 2003:0:1803:8318::2                        0.0%  1000   24.0  31.3  22.3  46.1   6.5
  4. 2003:0:1306:c000::1                        0.0%  1000   28.4  36.9  27.7 102.5  10.0
  5. 2003:0:1306:c008::2                       90.6%  1000   29.1  34.4  28.3  44.9   5.9
  6. ce-0-4-0-0.r03.frnkge03.de.ce.gin.ntt.net  0.0%  1000   33.7  40.6  33.3  66.2   6.7
  7. core4.hetzner.de                           0.0%  1000   34.2  40.5  33.6  58.5   6.5
  8. core21.hetzner.de                          0.0%  1000   36.5  42.3  35.2  73.0   6.7
  9. juniper3.rz10.hetzner.de                   0.0%  1000   37.7  43.3  35.7  84.2   7.1
 10. hos-tr1.ms-ex3k2.rz13.hetzner.de           0.0%  1000   37.6  43.9  36.4  91.2   6.5
 11. ???                                       100.0  1000    0.0   0.0   0.0   0.0   0.0
 12. h2t.preissler.me                           0.0%  1000   36.1  43.0  35.6  63.1   6.4
