HOST: alix                                      Loss%   Snt   Last   Avg  Best  Wrst StDev
  1. fritz.box                                  0.0%  1000    1.5   0.8   0.7   2.6   0.3
  2. 2003:0:1801:c201::1                        0.0%  1000   21.8  21.6  20.8  24.2   0.5
  3. 2003:0:1801:c218::2                        0.0%  1000   24.9  25.0  22.6  45.0   1.4
  4. 2003:0:1306:c000::1                        0.0%  1000   29.1  31.0  27.6  95.3   8.6
  5. 2003:0:1306:c008::2                       89.3%  1000   49.1  32.6  28.7  49.7   5.8
  6. ce-0-4-0-0.r03.frnkge03.de.ce.gin.ntt.net  0.0%  1000   34.6  34.4  33.5  55.9   1.2
  7. core4.hetzner.de                           0.0%  1000   35.1  34.5  33.6  57.6   1.4
  8. core21.hetzner.de                          0.0%  1000   35.5  36.3  35.4  58.6   2.1
  9. juniper3.rz10.hetzner.de                   0.0%  1000   37.5  38.3  36.0  70.2   4.1
 10. hos-tr1.ms-ex3k2.rz13.hetzner.de           0.0%  1000   38.4  37.8  36.8  42.9   0.7
 11. ???                                       100.0  1000    0.0   0.0   0.0   0.0   0.0
 12. h2t.preissler.me                           0.0%  1000   36.2  35.9  35.4  37.6   0.4
