HOST: alix                                      Loss%   Snt   Last   Avg  Best  Wrst StDev
  1. fritz.box                                  0.0%  1000    0.8   0.7   0.6   1.9   0.1
  2. 2003:0:1801:c201::1                        0.0%  1000   21.4  21.4  20.8  32.2   0.7
  3. 2003:0:1801:c218::2                        0.4%  1000   27.1  24.7  22.3  45.6   1.7
  4. 2003:0:1306:c000::1                        0.0%  1000   37.4  31.2  27.6  96.0   9.7
  5. 2003:0:1306:c008::2                       85.0%  1000   51.3  35.3  28.8  52.1   5.3
  6. ce-0-4-0-0.r03.frnkge03.de.ce.gin.ntt.net  0.7%  1000   57.6  57.3  51.6  82.4   3.0
  7. core4.hetzner.de                           0.9%  1000   55.0  57.1  50.9  71.5   2.2
  8. core21.hetzner.de                          0.6%  1000   58.0  58.9  53.2  82.1   2.6
  9. juniper3.rz10.hetzner.de                   0.9%  1000   60.3  59.6  54.2  92.8   3.6
 10. hos-tr1.ms-ex3k2.rz13.hetzner.de           0.4%  1000   61.5  60.2  55.8  74.1   2.4
 11. ???                                       100.0  1000    0.0   0.0   0.0   0.0   0.0
 12. h2t.preissler.me                           0.5%  1000   60.0  59.2  54.0  75.9   2.1
