HOST: alix                                      Loss%   Snt   Last   Avg  Best  Wrst StDev
  1. fritz.box                                  0.0%  1000    0.7   0.7   0.7   1.9   0.1
  2. 2003:0:1801:c201::1                        0.0%  1000   21.2  21.2  20.7  27.3   0.4
  3. 2003:0:1801:c218::2                        0.0%  1000   23.4  24.6  22.3  38.4   1.3
  4. 2003:0:1306:c000::1                        0.1%  1000   58.5  30.6  27.7 112.3   8.9
  5. 2003:0:1306:c008::2                       88.7%  1000   29.2  29.3  28.5  31.0   0.6
  6. ce-0-4-0-0.r03.frnkge03.de.ce.gin.ntt.net  0.0%  1000   34.3  34.2  33.3  56.1   2.1
  7. core4.hetzner.de                           0.0%  1000   34.0  34.0  33.6  43.2   0.7
  8. core21.hetzner.de                          0.0%  1000   36.0  35.8  35.2  57.2   1.4
  9. juniper3.rz10.hetzner.de                   0.0%  1000   36.1  36.5  35.6  68.3   3.2
 10. hos-tr1.ms-ex3k2.rz13.hetzner.de           0.0%  1000   37.0  37.5  35.9  52.0   1.6
 11. ???                                       100.0  1000    0.0   0.0   0.0   0.0   0.0
 12. h2t.preissler.me                           0.0%  1000   35.9  36.1  35.5  38.8   0.5
