HOST: alix                                      Loss%   Snt   Last   Avg  Best  Wrst StDev
  1. fritz.box                                  0.0%  1000    0.7   0.7   0.7   1.6   0.1
  2. 2003:0:1801:c201::1                        0.0%  1000   22.1  21.4  20.8  53.7   1.4
  3. 2003:0:1801:c218::2                        0.0%  1000   24.9  24.6  22.0  70.7   2.0
  4. 2003:0:1306:c000::1                        0.0%  1000   29.0  31.4  27.8 109.0  10.6
  5. 2003:0:1306:c008::2                       86.4%  1000   39.7  36.2  28.9  53.7   6.3
  6. ce-0-4-0-0.r03.frnkge03.de.ce.gin.ntt.net  0.0%  1000   36.4  34.8  33.4  79.2   2.9
  7. core4.hetzner.de                           0.0%  1000   34.0  34.8  33.6  89.5   2.5
  8. core21.hetzner.de                          0.1%  1000   38.6  36.6  35.2  80.5   2.5
  9. juniper3.rz10.hetzner.de                   0.0%  1000   38.3  37.3  35.7  97.4   4.4
 10. hos-tr1.ms-ex3k2.rz13.hetzner.de           0.0%  1000   47.6  37.8  36.3  93.0   3.1
 11. ???                                       100.0  1000    0.0   0.0   0.0   0.0   0.0
 12. h2t.preissler.me                           0.0%  1000   40.0  36.7  35.5  59.6   1.5
