HOST: alix                             Loss%   Snt   Last   Avg  Best  Wrst StDev
  1. fritz.box                         0.0%  1000    0.8   0.7   0.7   2.5   0.1
  2. 2003:0:1801:c201::1               0.0%  1000   21.1  21.3  20.7  33.5   0.6
  3. 2003:0:1803:8318::2               0.0%  1000   27.0  24.7  22.3  31.5   1.3
  4. 2003:0:1308:4000::1               0.0%  1000   27.4  28.0  27.0  67.9   3.1
  5. 2003:0:1308:4007::2               0.1%  1000   99.6 107.4  62.1 147.9   7.5
  6. xe-3-0-0.fra28.ip6.gtt.net        0.2%  1000  102.6 107.4  63.6 162.5   8.0
  7. hetzner-online-gw.ip4.gtt.net     1.5%  1000  109.9 113.6  70.6 139.9   7.1
  8. core1.hetzner.de                  0.9%  1000  106.5 112.9  70.6 150.8   7.1
  9. core21.hetzner.de                 0.2%  1000  104.6 115.2  68.6 141.1   7.3
 10. juniper3.rz10.hetzner.de          0.1%  1000  104.1 115.3  68.0 143.1   7.1
 11. hos-tr3.ms-ex3k2.rz13.hetzner.de  0.3%  1000  106.8 116.7  68.2 132.6   7.0
 12. ???                              100.0  1000    0.0   0.0   0.0   0.0   0.0
 13. h2t.preissler.me                  0.2%  1000  104.8 114.6  66.4 125.8   7.0
