HOST: alix                                      Loss%   Snt   Last   Avg  Best  Wrst StDev
  1. fritz.box                                  0.0%  1000    0.8   0.7   0.7   1.2   0.1
  2. 2003:0:1801:c201::1                        0.0%  1000   21.3  21.2  20.7  23.4   0.4
  3. 2003:0:1801:c218::2                        0.0%  1000   24.1  24.6  22.0  41.6   1.5
  4. 2003:0:1306:c000::1                        0.0%  1000   28.9  30.9  27.6 130.7   9.3
  5. 2003:0:1306:c008::2                       85.6%  1000   29.2  29.2  28.3  31.4   0.5
  6. ce-0-4-0-0.r03.frnkge03.de.ce.gin.ntt.net  0.0%  1000   34.1  34.2  33.4  57.5   2.2
  7. core4.hetzner.de                           0.0%  1000   34.3  34.1  33.6  42.8   0.7
  8. core21.hetzner.de                          0.0%  1000   35.8  36.0  35.2  59.5   2.4
  9. juniper3.rz10.hetzner.de                   0.0%  1000   37.4  37.0  35.5  75.3   3.7
 10. hos-tr1.ms-ex3k2.rz13.hetzner.de           0.0%  1000   37.3  37.1  36.3  55.9   1.1
 11. ???                                       100.0  1000    0.0   0.0   0.0   0.0   0.0
 12. h2t.preissler.me                           0.0%  1000   36.0  36.1  35.6  39.8   0.4
