HOST: alix                                      Loss%   Snt   Last   Avg  Best  Wrst StDev
  1. fritz.box                                  0.0%  1000    0.8   0.7   0.7   1.6   0.1
  2. 2003:0:1801:c201::1                        0.0%  1000   21.2  21.3  20.8  27.4   0.5
  3. 2003:0:1801:c218::2                        0.4%  1000   24.4  24.6  22.2  49.3   1.6
  4. 2003:0:1306:c000::1                        0.0%  1000   29.0  31.5  27.7 120.5  10.5
  5. 2003:0:1306:c008::2                       85.5%  1000   54.6  49.8  29.7  62.8   5.5
  6. ce-0-4-0-0.r03.frnkge03.de.ce.gin.ntt.net  0.8%  1000   58.7  56.6  50.1  79.1   2.9
  7. core4.hetzner.de                           0.1%  1000   61.8  56.8  50.3 110.3   2.9
  8. core21.hetzner.de                          0.4%  1000   61.7  58.3  52.0  80.7   2.9
  9. juniper3.rz10.hetzner.de                   0.7%  1000   61.9  58.6  51.2  92.9   3.1
 10. hos-tr1.ms-ex3k2.rz13.hetzner.de           0.6%  1000   63.5  59.4  52.8  83.6   2.1
 11. ???                                       100.0  1000    0.0   0.0   0.0   0.0   0.0
 12. h2t.preissler.me                           1.1%  1000   63.4  58.4  51.4  69.5   2.0
