HOST: alix                                      Loss%   Snt   Last   Avg  Best  Wrst StDev
  1. fritz.box                                  0.0%  1000    0.8   0.7   0.7   1.7   0.1
  2. 2003:0:1801:c201::1                        0.0%  1000   20.8  21.3  20.8  24.0   0.5
  3. 2003:0:1803:8318::2                        0.0%  1000   26.4  24.7  22.2  47.1   1.4
  4. 2003:0:1306:c000::1                        0.0%  1000   28.6  31.3  27.6 120.1  10.6
  5. 2003:0:1306:c008::2                       80.5%  1000   42.2  60.3  29.2  94.5  19.2
  6. ce-0-4-0-0.r03.frnkge03.de.ce.gin.ntt.net  0.6%  1000   57.1  65.5  50.7 114.2  14.1
  7. core4.hetzner.de                           0.7%  1000   54.5  65.5  51.1 104.2  13.9
  8. core21.hetzner.de                          1.4%  1000   57.1  67.7  53.4 114.0  14.3
  9. juniper3.rz10.hetzner.de                   0.3%  1000   58.7  68.2  53.3 115.5  14.4
 10. hos-tr1.ms-ex3k2.rz13.hetzner.de           0.4%  1000   59.9  68.7  54.2 111.5  14.2
 11. ???                                       100.0  1000    0.0   0.0   0.0   0.0   0.0
 12. h2t.preissler.me                           0.2%  1000   55.1  67.8  54.4 109.2  14.3
