HOST: alix                             Loss%   Snt   Last   Avg  Best  Wrst StDev
  1. fritz.box                         0.0%  1000    0.8   0.7   0.7   1.5   0.1
  2. 2003:0:1801:c201::1               0.0%  1000   21.4  21.2  20.7  24.0   0.5
  3. 2003:0:1803:8318::2               0.0%  1000   26.2  24.6  22.0  39.3   1.4
  4. 2003:0:1308:4000::1               0.0%  1000   27.6  28.2  26.9  72.2   3.8
  5. 2003:0:1308:4007::2               0.0%  1000   30.0  28.6  27.3  75.2   4.1
  6. xe-3-1-0.fra28.ip6.gtt.net        0.0%  1000   28.2  28.5  27.6  58.8   2.6
  7. hetzner-online-gw.ip4.gtt.net     0.3%  1000   34.5  34.5  33.7  59.1   1.7
  8. core1.hetzner.de                  0.2%  1000   33.3  33.5  32.9  66.0   2.0
  9. core21.hetzner.de                 0.0%  1000   35.6  35.9  35.0  62.4   2.7
 10. juniper3.rz10.hetzner.de          0.0%  1000   35.8  36.7  35.2  83.8   4.1
 11. hos-tr3.ms-ex3k2.rz13.hetzner.de  0.0%  1000   37.7  37.4  36.5  45.2   0.8
 12. ???                              100.0  1000    0.0   0.0   0.0   0.0   0.0
 13. h2t.preissler.me                  0.0%  1000   35.8  35.4  34.8  39.7   0.5
