HOST: alix                                      Loss%   Snt   Last   Avg  Best  Wrst StDev
  1. fritz.box                                  0.0%  1000    0.8   0.7   0.7   1.8   0.1
  2. 2003:0:1801:c201::1                        0.0%  1000   21.7  21.4  20.8  54.2   1.7
  3. 2003:0:1801:c218::2                        0.0%  1000   25.5  24.7  22.1 109.1   3.2
  4. 2003:0:1306:c000::1                        0.0%  1000   28.6  31.0  27.6 100.2   9.4
  5. 2003:0:1306:c008::2                       88.6%  1000   29.1  29.4  28.6  32.0   0.6
  6. ce-0-4-0-0.r03.frnkge03.de.ce.gin.ntt.net  0.0%  1000   34.1  34.4  33.3  61.7   2.3
  7. core4.hetzner.de                           0.0%  1000   34.2  34.1  33.6  51.3   1.0
  8. core21.hetzner.de                          0.0%  1000   36.0  36.3  35.2 108.4   3.6
  9. juniper3.rz10.hetzner.de                   0.0%  1000   36.1  36.7  35.6  95.2   3.7
 10. hos-tr1.ms-ex3k2.rz13.hetzner.de           0.0%  1000   38.4  37.4  36.2  83.2   2.5
 11. ???                                       100.0  1000    0.0   0.0   0.0   0.0   0.0
 12. h2t.preissler.me                           0.0%  1000   36.9  36.2  35.6  63.3   1.0
