HOST: alix                                      Loss%   Snt   Last   Avg  Best  Wrst StDev
  1. fritz.box                                  0.0%  1000    0.9   0.7   0.7   1.3   0.1
  2. 2003:0:1801:c201::1                        0.0%  1000   21.2  21.2  20.8  23.6   0.4
  3. 2003:0:1803:8318::2                        0.0%  1000   25.0  24.7  22.4  40.9   1.5
  4. 2003:0:1306:c000::1                        0.0%  1000   28.6  30.8  27.8  94.2   8.9
  5. 2003:0:1306:c008::2                       84.9%  1000   28.8  29.1  28.4  31.0   0.5
  6. ce-0-4-0-0.r03.frnkge03.de.ce.gin.ntt.net  0.0%  1000   34.0  34.0  33.4  56.9   1.7
  7. core4.hetzner.de                           0.0%  1000   34.5  34.0  33.5  42.9   0.7
  8. core21.hetzner.de                          0.0%  1000   36.4  35.8  35.2  57.8   1.6
  9. juniper3.rz10.hetzner.de                   0.0%  1000   38.8  40.3  35.7  81.1   4.5
 10. hos-tr1.ms-ex3k2.rz13.hetzner.de           0.0%  1000   41.0  45.5  36.4  66.5   5.1
 11. ???                                       100.0  1000    0.0   0.0   0.0   0.0   0.0
 12. h2t.preissler.me                           0.0%  1000   50.1  43.4  35.5  63.8   4.9
