HOST: alix                                      Loss%   Snt   Last   Avg  Best  Wrst StDev
  1. fritz.box                                  0.0%  1000    0.9   0.7   0.7   1.5   0.1
  2. 2003:0:1801:c201::1                        0.0%  1000   21.5  21.2  20.7  25.0   0.5
  3. 2003:0:1803:8318::2                        0.8%  1000   25.1  24.6  21.9  38.5   1.3
  4. 2003:0:1306:c000::1                        0.0%  1000   28.1  29.8  26.9  94.6   8.8
  5. 2003:0:1306:c008::2                       59.3%  1000   27.8  28.5  27.4  63.3   3.0
  6. ce-0-4-0-0.r03.frnkge03.de.ce.gin.ntt.net  0.0%  1000   28.4  32.0  27.5  56.0   3.2
  7. core4.hetzner.de                           1.0%  1000   34.5  33.9  33.1  55.4   1.4
  8. core21.hetzner.de                          0.0%  1000   33.4  34.9  32.9  57.2   2.2
  9. juniper3.rz10.hetzner.de                   0.0%  1000   35.6  36.8  35.0  67.7   3.0
 10. hos-tr3.ms-ex3k2.rz13.hetzner.de           0.0%  1000   36.2  38.7  35.3  62.8   2.7
 11. hos-tr3.ms-ex3k2.rz13.hetzner.de          66.7%  1000   38.8  39.1  36.9  47.9   1.5
 12. h2t.preissler.me                          33.3%  1000   43.0  37.8  34.8  46.3   2.1
