HOST: alix                                      Loss%   Snt   Last   Avg  Best  Wrst StDev
  1. fritz.box                                  0.0%  1000    0.9   0.7   0.7   2.5   0.1
  2. 2003:0:1801:c201::1                        0.0%  1000   21.1  21.4  20.7  48.8   1.6
  3. 2003:0:1801:c218::2                        0.6%  1000   26.4  24.9  22.3  72.9   2.9
  4. 2003:0:1306:c000::1                        0.0%  1000   28.2  31.3  27.7  95.5   9.9
  5. 2003:0:1306:c008::2                       69.9%  1000   48.4  49.7  28.8  92.5  14.8
  6. ce-0-4-0-0.r03.frnkge03.de.ce.gin.ntt.net  1.2%  1000   56.4  70.4  55.1 128.8  17.2
  7. core4.hetzner.de                           1.2%  1000   55.9  70.1  55.5 115.9  16.9
  8. core21.hetzner.de                          1.2%  1000   58.6  72.0  57.3 129.0  17.0
  9. juniper3.rz10.hetzner.de                   1.2%  1000   59.0  72.8  57.3 143.0  17.1
 10. hos-tr1.ms-ex3k2.rz13.hetzner.de           1.3%  1000   58.6  73.5  58.1 123.3  17.1
 11. ???                                       100.0  1000    0.0   0.0   0.0   0.0   0.0
 12. h2t.preissler.me                           1.0%  1000   58.5  72.2  56.9 122.8  16.9
