HOST: alix                             Loss%   Snt   Last   Avg  Best  Wrst StDev
  1. fritz.box                         0.0%  1000    0.9   0.7   0.7   1.2   0.1
  2. 2003:0:1801:c201::1               0.0%  1000   21.2  21.2  20.7  23.6   0.5
  3. 2003:0:1801:c218::2               0.0%  1000   23.8  24.7  22.2  32.1   1.3
  4. 2003:0:1308:4000::1               0.0%  1000   27.7  28.1  26.9  66.7   2.8
  5. 2003:0:1308:4007::2               0.0%  1000   28.1  28.2  27.3  64.4   2.6
  6. xe-3-0-2.fra28.ip6.gtt.net        0.0%  1000   32.3  28.3  27.3  78.5   3.1
  7. hetzner-online-gw.ip4.gtt.net     0.0%  1000   34.6  34.6  33.7  57.3   2.4
  8. core1.hetzner.de                  0.0%  1000   33.8  33.5  32.9  53.4   1.3
  9. core21.hetzner.de                 0.0%  1000   35.9  35.8  35.0  55.5   2.0
 10. juniper3.rz10.hetzner.de          0.0%  1000   36.1  36.8  35.3  69.0   3.2
 11. hos-tr3.ms-ex3k2.rz13.hetzner.de  0.0%  1000   37.1  38.5  36.8  52.2   1.5
 12. ???                              100.0  1000    0.0   0.0   0.0   0.0   0.0
 13. h2t.preissler.me                  0.0%  1000   36.1  36.2  34.9  42.9   1.1
