HOST: alix                                      Loss%   Snt   Last   Avg  Best  Wrst StDev
  1. fritz.box                                  0.0%  1000    1.2   0.7   0.7   7.4   0.3
  2. 2003:0:1801:c201::1                        0.0%  1000   22.8  21.4  20.7  53.1   1.4
  3. 2003:0:1803:8318::2                        0.4%  1000   27.2  24.6  22.2  38.4   1.5
  4. 2003:0:1306:c000::1                        0.0%  1000   29.4  30.7  27.7 106.2   9.0
  5. 2003:0:1306:c008::2                       90.0%  1000   37.3  30.4  28.5  49.4   2.9
  6. ce-0-4-0-0.r03.frnkge03.de.ce.gin.ntt.net  0.0%  1000   35.0  34.6  33.4  58.8   2.8
  7. core4.hetzner.de                           0.0%  1000   35.3  34.3  33.6  64.2   1.5
  8. core21.hetzner.de                          0.0%  1000   36.6  36.1  35.2  86.5   2.3
  9. juniper3.rz10.hetzner.de                   0.0%  1000   36.9  37.0  35.6  67.8   3.9
 10. hos-tr1.ms-ex3k2.rz13.hetzner.de           0.0%  1000   37.7  37.4  36.4  67.7   1.6
 11. ???                                       100.0  1000    0.0   0.0   0.0   0.0   0.0
 12. h2t.preissler.me                           0.0%  1000   36.7  36.4  35.6  51.5   1.0
