HOST: alix                                      Loss%   Snt   Last   Avg  Best  Wrst StDev
  1. fritz.box                                  0.0%  1000    0.8   0.7   0.7   1.3   0.1
  2. 2003:0:1801:c201::1                        0.0%  1000   21.7  21.2  20.7  24.1   0.4
  3. 2003:0:1801:c218::2                        0.0%  1000   25.1  24.6  22.1  37.2   1.3
  4. 2003:0:1306:c000::1                        0.0%  1000   28.1  30.4  27.1  95.9   9.2
  5. 2003:0:1306:c008::2                       87.1%  1000   29.0  28.9  28.1  30.8   0.4
  6. ce-0-4-0-0.r03.frnkge03.de.ce.gin.ntt.net  0.0%  1000   34.4  34.0  33.3  53.8   1.6
  7. core4.hetzner.de                           0.0%  1000   34.5  34.1  33.6  44.7   0.8
  8. core21.hetzner.de                          0.0%  1000   36.2  35.8  35.2  56.6   1.8
  9. juniper3.rz10.hetzner.de                   0.0%  1000   42.4  46.6  35.9  84.3   6.3
 10. hos-tr1.ms-ex3k2.rz13.hetzner.de           0.0%  1000   42.3  55.6  38.2  83.7   8.1
 11. ???                                       100.0  1000    0.0   0.0   0.0   0.0   0.0
 12. h2t.preissler.me                           0.0%  1000   49.4  50.1  36.6  69.1   6.8
