HOST: alix                                      Loss%   Snt   Last   Avg  Best  Wrst StDev
  1. fritz.box                                  0.0%  1000    0.8   0.7   0.7   1.2   0.1
  2. 2003:0:1801:c201::1                        0.0%  1000   21.3  21.2  20.7  29.1   0.6
  3. 2003:0:1801:c218::2                        0.0%  1000   26.6  24.7  22.3  39.0   1.4
  4. 2003:0:1306:c000::1                        0.0%  1000   28.9  30.3  27.7  92.6   7.8
  5. 2003:0:1306:c008::2                       88.4%  1000   30.7  29.1  28.4  30.7   0.4
  6. ce-0-4-0-0.r03.frnkge03.de.ce.gin.ntt.net  0.0%  1000   33.5  34.5  33.4  57.4   2.9
  7. core4.hetzner.de                           0.0%  1000   34.5  34.4  33.6  58.0   2.5
  8. core21.hetzner.de                          0.0%  1000   35.6  36.0  35.2  57.8   2.2
  9. juniper3.rz10.hetzner.de                   0.0%  1000   36.3  37.7  35.7  67.6   3.2
 10. hos-tr1.ms-ex3k2.rz13.hetzner.de           0.0%  1000   38.3  41.7  36.6  56.6   3.6
 11. ???                                       100.0  1000    0.0   0.0   0.0   0.0   0.0
 12. h2t.preissler.me                           0.0%  1000   44.1  40.9  36.2  52.8   2.5
