HOST: alix                                      Loss%   Snt   Last   Avg  Best  Wrst StDev
  1. fritz.box                                  0.0%  1000    0.8   0.7   0.7   2.9   0.1
  2. 2003:0:1801:c201::1                        0.0%  1000   21.1  21.3  20.7  24.3   0.4
  3. 2003:0:1803:8318::2                        0.0%  1000   25.7  24.6  22.2  45.8   1.6
  4. 2003:0:1306:c000::1                        0.0%  1000   29.8  30.8  27.6  82.6   8.3
  5. 2003:0:1306:c008::2                       86.0%  1000   29.1  29.3  28.3  32.2   0.6
  6. ce-0-4-0-0.r03.frnkge03.de.ce.gin.ntt.net  1.8%  1000   56.6  56.9  53.1  88.5   3.1
  7. core4.hetzner.de                           1.4%  1000   56.2  56.5  53.2  73.9   1.4
  8. core21.hetzner.de                          1.2%  1000   58.5  58.3  56.5  79.6   2.0
  9. juniper3.rz10.hetzner.de                   1.3%  1000   71.0  58.9  55.1  91.8   3.0
 10. hos-tr1.ms-ex3k2.rz13.hetzner.de           0.7%  1000   59.8  59.4  56.2  68.7   0.8
 11. ???                                       100.0  1000    0.0   0.0   0.0   0.0   0.0
 12. h2t.preissler.me                           0.6%  1000   58.7  58.4  56.8  63.7   0.5
