HOST: alix                                      Loss%   Snt   Last   Avg  Best  Wrst StDev
  1. fritz.box                                  0.0%  1000    0.9   0.7   0.7   4.2   0.2
  2. 2003:0:1801:c201::1                        0.0%  1000   21.6  21.2  20.7  25.7   0.4
  3. 2003:0:1801:c218::2                        0.0%  1000   25.7  24.5  22.1  42.6   1.4
  4. 2003:0:1306:c000::1                        0.0%  1000   28.5  30.7  27.6  95.7   8.9
  5. 2003:0:1306:c008::2                       85.9%  1000   28.5  29.2  28.4  32.2   0.6
  6. ce-0-4-0-0.r03.frnkge03.de.ce.gin.ntt.net  0.0%  1000   34.5  34.4  33.4  58.3   2.7
  7. core4.hetzner.de                           0.0%  1000   34.1  34.1  33.6  47.0   0.8
  8. core21.hetzner.de                          0.0%  1000   35.9  36.0  35.2  57.4   2.3
  9. juniper3.rz10.hetzner.de                   0.0%  1000   39.8  37.4  35.6  69.4   3.9
 10. hos-tr1.ms-ex3k2.rz13.hetzner.de           0.0%  1000   37.4  37.1  36.2  43.7   0.9
 11. ???                                       100.0  1000    0.0   0.0   0.0   0.0   0.0
 12. h2t.preissler.me                           0.0%  1000   36.3  36.1  35.5  39.8   0.4
