HOST: alix                                      Loss%   Snt   Last   Avg  Best  Wrst StDev
  1. fritz.box                                  0.0%  1000    0.8   0.7   0.7   1.5   0.1
  2. 2003:0:1801:c201::1                        0.0%  1000   21.6  21.2  20.7  24.3   0.5
  3. 2003:0:1803:8318::2                        0.0%  1000   24.1  24.5  22.3  31.4   1.2
  4. 2003:0:1306:c000::1                        0.0%  1000   54.4  30.5  27.6  95.7   8.4
  5. 2003:0:1306:c008::2                       94.5%  1000   28.9  29.3  28.5  30.8   0.6
  6. ce-0-4-0-0.r03.frnkge03.de.ce.gin.ntt.net  0.0%  1000   33.9  34.1  33.4  56.3   2.0
  7. core4.hetzner.de                           0.0%  1000   34.0  34.1  33.6  42.2   0.6
  8. core21.hetzner.de                          0.0%  1000   35.8  36.1  35.3  59.2   2.6
  9. juniper3.rz10.hetzner.de                   0.0%  1000   52.9  51.8  37.1  92.7   8.4
 10. hos-tr1.ms-ex3k2.rz13.hetzner.de           0.0%  1000   66.8  61.3  37.4 107.9  11.3
 11. ???                                       100.0  1000    0.0   0.0   0.0   0.0   0.0
 12. h2t.preissler.me                           0.0%  1000   72.7  58.6  38.6  83.5   8.0
