HOST: alix                                      Loss%   Snt   Last   Avg  Best  Wrst StDev
  1. fritz.box                                  0.0%  1000    0.8   0.7   0.7   1.6   0.1
  2. 2003:0:1801:c201::1                        0.0%  1000   21.5  21.2  20.7  23.8   0.4
  3. 2003:0:1801:c218::2                        0.0%  1000   23.4  24.6  22.3  44.5   1.6
  4. 2003:0:1306:c000::1                        0.0%  1000   28.4  31.1  27.6 123.3   9.8
  5. 2003:0:1306:c008::2                       76.1%  1000   39.5  32.8  28.6  55.9   4.7
  6. ce-0-4-0-0.r03.frnkge03.de.ce.gin.ntt.net  0.0%  1000   56.1  41.4  33.6  74.9   8.3
  7. core4.hetzner.de                           0.0%  1000   54.8  40.9  33.6  72.4   7.8
  8. core21.hetzner.de                          0.0%  1000   56.8  42.7  35.4  80.7   8.0
  9. juniper3.rz10.hetzner.de                   0.1%  1000   57.2  43.1  35.7  88.5   8.2
 10. hos-tr1.ms-ex3k2.rz13.hetzner.de           0.0%  1000   58.6  43.8  36.4  72.5   7.9
 11. ???                                       100.0  1000    0.0   0.0   0.0   0.0   0.0
 12. h2t.preissler.me                           0.0%  1000   56.8  42.8  35.8  73.2   7.7
