HOST: alix                                      Loss%   Snt   Last   Avg  Best  Wrst StDev
  1. fritz.box                                  0.0%  1000    0.8   0.7   0.7   1.4   0.1
  2. 2003:0:1801:c201::1                        0.0%  1000   22.2  21.2  20.7  28.0   0.5
  3. 2003:0:1803:8318::2                        0.4%  1000   23.6  24.6  22.3  41.0   1.4
  4. 2003:0:1306:c000::1                        0.0%  1000   28.5  30.7  27.5 104.0   8.3
  5. 2003:0:1306:c008::2                       85.4%  1000   29.4  29.2  28.5  31.1   0.5
  6. ce-0-4-0-0.r03.frnkge03.de.ce.gin.ntt.net  0.0%  1000   33.9  34.1  33.4  56.6   1.9
  7. core4.hetzner.de                           0.0%  1000   34.3  34.1  33.6  45.2   0.8
  8. core21.hetzner.de                          0.0%  1000   35.8  35.8  35.2  56.2   1.7
  9. juniper3.rz10.hetzner.de                   0.0%  1000   38.1  36.9  35.7  61.5   2.6
 10. hos-tr1.ms-ex3k2.rz13.hetzner.de           0.0%  1000   46.6  41.1  36.5  58.5   4.1
 11. ???                                       100.0  1000    0.0   0.0   0.0   0.0   0.0
 12. h2t.preissler.me                           0.0%  1000   39.9  42.6  36.2  66.8   4.2
