HOST: alix                             Loss%   Snt   Last   Avg  Best  Wrst StDev
  1. fritz.box                         0.0%  1000    0.7   0.7   0.7   1.6   0.1
  2. 2003:0:1801:c201::1               0.0%  1000   21.0  21.3  20.7  25.2   0.5
  3. 2003:0:1803:8318::2               0.0%  1000   24.1  24.5  22.2  30.2   1.3
  4. 2003:0:1308:4000::1               0.0%  1000   27.9  28.3  27.1  80.8   3.8
  5. 2003:0:1308:4007::2               0.0%  1000   27.9  28.4  27.4  69.9   3.5
  6. fra44.ip6.gtt.net                 0.0%  1000   43.3  43.1  42.4  61.9   1.2
  7. hetzner-online-gw.ip4.gtt.net     1.2%  1000   71.3  71.2  61.9  94.5   2.4
  8. core1.hetzner.de                  1.3%  1000   71.1  70.4  59.9  90.9   2.4
  9. core21.hetzner.de                 0.5%  1000   72.0  72.7  61.6 101.1   2.9
 10. juniper3.rz10.hetzner.de          0.6%  1000   72.3  73.2  62.2 102.1   3.8
 11. hos-tr3.ms-ex3k2.rz13.hetzner.de  0.1%  1000   74.6  74.2  64.4  82.1   1.7
 12. ???                              100.0  1000    0.0   0.0   0.0   0.0   0.0
 13. h2t.preissler.me                  0.3%  1000   73.0  72.1  61.4  76.3   1.5
