HOST: alix                                      Loss%   Snt   Last   Avg  Best  Wrst StDev
  1. fritz.box                                  0.0%  1000    0.9   0.7   0.7   2.2   0.1
  2. 2003:0:1801:c201::1                        0.0%  1000   20.9  21.2  20.7  29.3   0.6
  3. 2003:0:1803:8318::2                        0.0%  1000   26.8  24.7  22.3  39.9   1.5
  4. 2003:0:1306:c000::1                        0.0%  1000   28.6  31.1  27.7  95.1   9.6
  5. 2003:0:1306:c008::2                       89.9%  1000   30.3  29.2  28.3  35.2   0.8
  6. ce-0-4-0-0.r03.frnkge03.de.ce.gin.ntt.net  0.0%  1000   34.0  34.1  33.3  56.3   2.1
  7. core4.hetzner.de                           0.0%  1000   33.9  34.0  33.6  43.8   0.8
  8. core21.hetzner.de                          0.0%  1000   35.9  35.9  35.3  57.6   1.9
  9. juniper3.rz10.hetzner.de                   0.0%  1000   36.8  37.1  35.6  74.0   3.6
 10. hos-tr1.ms-ex3k2.rz13.hetzner.de           0.0%  1000   37.4  39.4  36.2  59.9   3.2
 11. ???                                       100.0  1000    0.0   0.0   0.0   0.0   0.0
 12. h2t.preissler.me                           0.0%  1000   36.6  38.4  35.7  67.4   2.6
