HOST: alix                                      Loss%   Snt   Last   Avg  Best  Wrst StDev
  1. fritz.box                                  0.0%  1000    0.9   0.9   0.7   4.2   0.3
  2. 2003:0:1801:c201::1                        0.0%  1000   22.6  21.6  20.9  24.5   0.4
  3. 2003:0:1801:c218::2                        0.1%  1000   23.2  25.0  22.1  41.4   1.5
  4. 2003:0:1306:c000::1                        0.0%  1000   28.6  31.2  28.0 110.2   9.1
  5. 2003:0:1306:c008::2                       91.5%  1000   29.7  29.6  28.6  32.0   0.6
  6. ce-0-4-0-0.r03.frnkge03.de.ce.gin.ntt.net  0.0%  1000   34.2  34.5  33.5  57.3   1.9
  7. core4.hetzner.de                           0.0%  1000   34.4  34.8  33.7  64.8   2.4
  8. core21.hetzner.de                          0.0%  1000   36.0  36.4  35.2  57.7   1.7
  9. juniper3.rz10.hetzner.de                   0.0%  1000   36.6  37.4  36.0  69.5   3.2
 10. hos-tr1.ms-ex3k2.rz13.hetzner.de           0.0%  1000   37.9  37.9  36.9  50.1   1.0
 11. ???                                       100.0  1000    0.0   0.0   0.0   0.0   0.0
 12. h2t.preissler.me                           0.0%  1000   36.8  36.0  35.3  41.8   0.5
