HOST: alix                                      Loss%   Snt   Last   Avg  Best  Wrst StDev
  1. fritz.box                                  0.0%  1000    0.8   0.7   0.7   3.3   0.2
  2. 2003:0:1801:c201::1                        0.0%  1000   21.9  21.4  20.9  27.7   0.5
  3. 2003:0:1801:c218::2                        0.0%  1000   23.7  24.6  22.1  46.7   1.4
  4. 2003:0:1306:c000::1                        0.0%  1000   28.8  31.2  27.7  97.1   9.4
  5. 2003:0:1306:c008::2                       68.8%  1000   35.2  71.9  35.2 116.0  21.7
  6. ce-0-4-0-0.r03.frnkge03.de.ce.gin.ntt.net  0.1%  1000   61.6  90.1  43.1 149.0  23.0
  7. core4.hetzner.de                           0.0%  1000   67.3  90.7  42.8 138.5  22.8
  8. core21.hetzner.de                          0.1%  1000   70.7  93.2  47.1 146.9  22.7
  9. juniper3.rz10.hetzner.de                   0.1%  1000   70.4  93.7  46.9 162.9  22.9
 10. hos-tr1.ms-ex3k2.rz13.hetzner.de           0.0%  1000   70.8  93.8  51.1 143.5  22.7
 11. ???                                       100.0  1000    0.0   0.0   0.0   0.0   0.0
 12. h2t.preissler.me                           0.0%  1000   68.6  92.8  46.9 139.0  22.4
