HOST: alix                                      Loss%   Snt   Last   Avg  Best  Wrst StDev
  1. fritz.box                                  0.0%  1000    0.8   0.7   0.7   3.6   0.2
  2. 2003:0:1801:c201::1                        0.0%  1000   21.2  21.4  20.7  52.5   1.9
  3. 2003:0:1801:c218::2                        0.8%  1000   26.7  24.8  22.1  62.8   2.3
  4. 2003:0:1306:c000::1                        0.0%  1000   85.0  31.6  27.8 103.5  10.1
  5. 2003:0:1306:c008::2                       79.6%  1000   53.3  46.4  28.9  92.2  11.8
  6. ce-0-4-0-0.r03.frnkge03.de.ce.gin.ntt.net  0.0%  1000   56.5  44.2  33.6  77.7   9.7
  7. core4.hetzner.de                           0.0%  1000   60.4  43.7  33.6  88.5   9.5
  8. core21.hetzner.de                          0.0%  1000   63.1  45.7  35.3  88.4   9.7
  9. juniper3.rz10.hetzner.de                   0.0%  1000   59.1  45.8  35.7  90.9   9.6
 10. hos-tr1.ms-ex3k2.rz13.hetzner.de           0.0%  1000   59.7  46.4  36.4  85.3   9.4
 11. ???                                       100.0  1000    0.0   0.0   0.0   0.0   0.0
 12. h2t.preissler.me                           0.0%  1000   58.3  45.8  35.7  85.2   9.6
