HOST: alix                                      Loss%   Snt   Last   Avg  Best  Wrst StDev
  1. fritz.box                                  0.0%  1000    0.8   0.7   0.7   2.5   0.1
  2. 2003:0:1801:c201::1                        0.0%  1000   21.2  21.3  20.7  51.6   1.2
  3. 2003:0:1801:c218::2                        0.1%  1000   24.9  24.4  22.2  29.9   1.3
  4. 2003:0:1306:c000::1                        0.0%  1000   28.7  31.3  27.7  95.0  10.4
  5. 2003:0:1306:c008::2                       88.0%  1000   29.1  29.3  28.6  31.6   0.6
  6. ce-0-4-0-0.r03.frnkge03.de.ce.gin.ntt.net  0.0%  1000   33.7  34.3  33.4  54.9   2.1
  7. core4.hetzner.de                           0.0%  1000   34.4  34.5  33.6  56.6   2.2
  8. core21.hetzner.de                          0.0%  1000   37.2  36.1  35.2  56.7   1.8
  9. juniper3.rz10.hetzner.de                   0.0%  1000   42.0  36.8  35.6  75.1   3.3
 10. hos-tr1.ms-ex3k2.rz13.hetzner.de           0.0%  1000   36.6  37.2  36.4  47.5   1.0
 11. ???                                       100.0  1000    0.0   0.0   0.0   0.0   0.0
 12. h2t.preissler.me                           0.0%  1000   36.8  36.2  35.5  39.2   0.6
