HOST: alix                                      Loss%   Snt   Last   Avg  Best  Wrst StDev
  1. fritz.box                                  0.0%  1000    0.8   0.7   0.7   2.7   0.1
  2. 2003:0:1801:c201::1                        0.0%  1000   21.3  21.2  20.7  24.9   0.3
  3. 2003:0:1803:8318::2                        0.0%  1000   23.0  24.6  22.1  30.3   1.3
  4. 2003:0:1306:c000::1                        0.0%  1000   36.0  30.5  27.8  98.6   8.2
  5. 2003:0:1306:c008::2                       84.8%  1000   29.0  29.2  28.2  33.7   0.7
  6. ce-0-4-0-0.r03.frnkge03.de.ce.gin.ntt.net  0.0%  1000   33.8  34.0  33.4  56.8   1.4
  7. core4.hetzner.de                           0.0%  1000   34.5  34.0  33.5  42.7   0.7
  8. core21.hetzner.de                          0.0%  1000   35.6  35.8  35.2  58.0   1.6
  9. juniper3.rz10.hetzner.de                   0.0%  1000   36.3  36.5  35.6  66.2   2.9
 10. hos-tr1.ms-ex3k2.rz13.hetzner.de           0.0%  1000   36.5  37.0  36.2  47.9   0.9
 11. ???                                       100.0  1000    0.0   0.0   0.0   0.0   0.0
 12. h2t.preissler.me                           0.0%  1000   36.6  36.1  35.5  40.4   0.5
