HOST: alix                             Loss%   Snt   Last   Avg  Best  Wrst StDev
  1. fritz.box                         0.0%  1000    0.8   0.7   0.7   3.1   0.1
  2. 2003:0:1801:c201::1               0.0%  1000   21.1  21.3  20.8  46.0   1.1
  3. 2003:0:1801:c218::2               0.0%  1000   26.6  24.8  22.4  49.3   1.9
  4. 2003:0:1308:4000::1               0.0%  1000   69.5  28.2  26.9  71.2   3.9
  5. 2003:0:1308:4007::2               0.0%  1000   27.9  28.5  27.3  69.9   3.5
  6. xe-2-0-1.fra28.ip6.gtt.net        0.0%  1000   27.4  28.2  27.1  82.4   3.9
  7. hetzner-online-gw.ip4.gtt.net     0.5%  1000   34.4  34.5  33.6  57.8   2.1
  8. core1.hetzner.de                  0.0%  1000   33.2  33.7  32.8  56.1   2.2
  9. core21.hetzner.de                 0.0%  1000   36.4  35.8  34.9  59.1   2.3
 10. juniper3.rz10.hetzner.de          0.0%  1000   36.2  36.4  35.1  69.1   3.0
 11. hos-tr3.ms-ex3k2.rz13.hetzner.de  0.0%  1000   37.6  37.4  36.5  59.4   1.1
 12. ???                              100.0  1000    0.0   0.0   0.0   0.0   0.0
 13. h2t.preissler.me                  0.0%  1000   35.9  35.4  34.8  45.9   0.7
