HOST: alix                             Loss%   Snt   Last   Avg  Best  Wrst StDev
  1. fritz.box                         0.0%  1000    0.8   0.7   0.7   1.7   0.1
  2. 2003:0:1801:c201::1               0.0%  1000   21.1  21.2  20.7  23.8   0.5
  3. 2003:0:1801:c218::2               0.9%  1000   25.8  24.7  21.8  29.4   1.3
  4. 2003:0:1308:4000::1               0.0%  1000   27.2  28.0  27.0  60.6   3.0
  5. 2003:0:1308:4007::2               0.0%  1000   28.3  28.8  27.3  90.7   4.7
  6. xe-2-0-2.fra28.ip6.gtt.net        0.0%  1000   27.9  28.1  27.1  69.6   2.8
  7. hetzner-online-gw.ip4.gtt.net     0.2%  1000   34.3  34.5  33.6  76.7   2.1
  8. core1.hetzner.de                  0.0%  1000   33.3  33.6  32.9  53.7   1.6
  9. core21.hetzner.de                 0.0%  1000   35.4  35.8  35.0  61.1   2.2
 10. juniper3.rz10.hetzner.de          0.0%  1000   35.4  36.4  35.2  66.9   3.2
 11. hos-tr3.ms-ex3k2.rz13.hetzner.de  0.0%  1000   37.7  37.5  36.3  51.7   1.1
 12. ???                              100.0  1000    0.0   0.0   0.0   0.0   0.0
 13. h2t.preissler.me                  0.0%  1000   35.2  35.4  34.8  37.8   0.4
