HOST: alix                                      Loss%   Snt   Last   Avg  Best  Wrst StDev
  1. fritz.box                                  0.0%  1000    0.8   0.7   0.7   2.1   0.1
  2. 2003:0:1801:c201::1                        0.0%  1000   21.3  21.2  20.8  24.0   0.3
  3. 2003:0:1801:c218::2                        0.0%  1000   27.7  24.5  22.1  46.9   1.6
  4. 2003:0:1306:c000::1                        0.0%  1000   28.2  31.1  27.8 103.3   9.8
  5. 2003:0:1306:c008::2                       88.0%  1000   29.0  29.4  28.4  31.9   0.6
  6. ce-0-4-0-0.r03.frnkge03.de.ce.gin.ntt.net  0.4%  1000   56.6  55.8  46.7  79.0   2.2
  7. core4.hetzner.de                           0.4%  1000   56.5  55.8  46.4  80.4   2.0
  8. core21.hetzner.de                          0.7%  1000   58.3  57.8  49.1  80.6   2.4
  9. juniper3.rz10.hetzner.de                   0.2%  1000   58.5  58.2  49.8  89.3   3.1
 10. hos-tr1.ms-ex3k2.rz13.hetzner.de           0.2%  1000   59.4  58.8  50.4  89.6   1.8
 11. ???                                       100.0  1000    0.0   0.0   0.0   0.0   0.0
 12. h2t.preissler.me                           0.5%  1000   59.0  57.8  50.5  61.7   1.3
