HOST: alix                                      Loss%   Snt   Last   Avg  Best  Wrst StDev
  1. fritz.box                                  0.0%  1000    0.8   0.7   0.7   1.2   0.1
  2. 2003:0:1801:c201::1                        0.0%  1000   21.2  21.2  20.6  23.9   0.4
  3. 2003:0:1803:8318::2                        0.0%  1000   25.6  24.6  22.1  44.6   1.4
  4. 2003:0:1306:c000::1                        0.0%  1000   28.7  30.8  27.6  97.4   9.2
  5. 2003:0:1306:c008::2                       89.4%  1000   28.9  29.2  28.5  30.6   0.5
  6. ce-0-4-0-0.r03.frnkge03.de.ce.gin.ntt.net  0.0%  1000   34.0  34.0  33.3  55.9   1.6
  7. core4.hetzner.de                           0.0%  1000   33.7  34.1  33.6  53.4   1.1
  8. core21.hetzner.de                          0.0%  1000   35.9  36.0  35.2  58.3   2.4
  9. juniper3.rz10.hetzner.de                   0.0%  1000   36.7  37.2  35.7  71.2   3.5
 10. hos-tr1.ms-ex3k2.rz13.hetzner.de           0.0%  1000   36.6  38.5  36.5  45.6   1.5
 11. ???                                       100.0  1000    0.0   0.0   0.0   0.0   0.0
 12. h2t.preissler.me                           0.0%  1000   36.2  37.8  35.6  46.0   1.6
