HOST: alix                             Loss%   Snt   Last   Avg  Best  Wrst StDev
  1. fritz.box                         0.0%  1000    0.9   0.7   0.7   1.1   0.1
  2. 2003:0:1801:c201::1               0.0%  1000   21.4  21.3  20.7  25.5   0.5
  3. 2003:0:1801:c218::2               0.0%  1000   23.5  24.7  22.2  40.0   1.4
  4. 2003:0:1308:4000::1               0.0%  1000   27.7  28.1  27.1  69.4   3.5
  5. 2003:0:1308:4007::2               0.0%  1000   29.5  29.4  27.1  78.1   4.7
  6. xe-3-0-0.fra28.ip6.gtt.net        0.0%  1000   29.6  29.2  27.1  74.5   3.9
  7. hetzner-online-gw.ip4.gtt.net     0.4%  1000   54.3  54.8  41.9  78.6   4.2
  8. core1.hetzner.de                  0.8%  1000   50.3  53.6  39.2  78.7   3.7
  9. core21.hetzner.de                 0.0%  1000   55.1  56.1  42.5  82.2   4.0
 10. juniper3.rz10.hetzner.de          0.2%  1000   57.9  56.7  42.5  88.1   4.4
 11. hos-tr1.ms-ex3k2.rz13.hetzner.de  0.1%  1000   58.8  57.3  44.4  74.2   3.6
 12. ???                              100.0  1000    0.0   0.0   0.0   0.0   0.0
 13. h2t.preissler.me                  0.0%  1000   57.7  55.5  42.3  69.9   3.5
