HOST: alix                                      Loss%   Snt   Last   Avg  Best  Wrst StDev
  1. fritz.box                                  0.0%  1000    0.7   0.7   0.7   1.4   0.1
  2. 2003:0:1801:c201::1                        0.0%  1000   21.6  21.1  20.7  23.8   0.4
  3. 2003:0:1801:c218::2                        0.0%  1000   23.0  24.7  22.3  43.9   1.4
  4. 2003:0:1306:c000::1                        0.0%  1000   28.8  30.3  27.6  89.1   7.7
  5. 2003:0:1306:c008::2                       85.1%  1000   29.3  29.2  28.5  31.2   0.5
  6. ce-0-4-0-0.r03.frnkge03.de.ce.gin.ntt.net  0.0%  1000   33.9  34.1  33.4  55.0   1.9
  7. core4.hetzner.de                           0.0%  1000   34.5  34.0  33.6  41.7   0.6
  8. core21.hetzner.de                          0.0%  1000   36.3  36.1  35.2  58.8   2.4
  9. juniper3.rz10.hetzner.de                   0.0%  1000   39.4  37.8  35.7  69.7   3.0
 10. hos-tr1.ms-ex3k2.rz13.hetzner.de           0.0%  1000   42.0  40.7  36.7  51.5   2.4
 11. ???                                       100.0  1000    0.0   0.0   0.0   0.0   0.0
 12. h2t.preissler.me                           0.0%  1000   40.9  39.7  35.8  47.3   2.1
