HOST: alix                                      Loss%   Snt   Last   Avg  Best  Wrst StDev
  1. fritz.box                                  0.0%  1000    0.8   0.7   0.7  19.8   0.6
  2. 2003:0:1801:c201::1                        0.0%  1000   21.3  21.2  20.7  49.0   0.9
  3. 2003:0:1803:8318::2                        0.0%  1000   24.9  24.6  22.3  28.0   1.2
  4. 2003:0:1306:c000::1                        0.0%  1000   28.4  30.9  27.6 101.7   9.3
  5. 2003:0:1306:c008::2                       87.8%  1000   29.0  29.2  28.3  31.1   0.5
  6. ce-0-4-0-0.r03.frnkge03.de.ce.gin.ntt.net  0.0%  1000   34.6  34.2  33.3  55.9   2.0
  7. core4.hetzner.de                           0.0%  1000   34.1  34.0  33.6  41.4   0.6
  8. core21.hetzner.de                          0.0%  1000   36.6  36.0  35.2  59.0   2.4
  9. juniper3.rz10.hetzner.de                   0.0%  1000   36.7  36.5  35.5  67.5   2.9
 10. hos-tr1.ms-ex3k2.rz13.hetzner.de           0.0%  1000   37.1  37.0  36.3  62.5   1.1
 11. ???                                       100.0  1000    0.0   0.0   0.0   0.0   0.0
 12. h2t.preissler.me                           0.0%  1000   36.5  36.1  35.5  41.7   0.4
