HOST: alix                             Loss%   Snt   Last   Avg  Best  Wrst StDev
  1. fritz.box                         0.0%  1000    0.7   0.7   0.7   1.2   0.1
  2. 2003:0:1801:c201::1               0.0%  1000   21.5  21.3  20.8  23.7   0.5
  3. 2003:0:1803:8318::2               0.0%  1000   26.0  24.5  22.1  34.2   1.3
  4. 2003:0:1308:4000::1               0.1%  1000   28.0  28.1  27.1  65.6   3.3
  5. 2003:0:1308:4007::2               0.0%  1000   30.8  29.0  27.1  88.3   4.5
  6. xe-3-1-0.fra28.ip6.gtt.net        0.0%  1000   31.5  29.0  27.1  75.3   3.8
  7. hetzner-online-gw.ip4.gtt.net     0.5%  1000   37.7  37.1  33.7  58.6   4.6
  8. core1.hetzner.de                  0.5%  1000   37.1  36.3  33.0  57.1   4.5
  9. core21.hetzner.de                 0.0%  1000   39.5  38.9  35.3  77.2   5.0
 10. juniper3.rz10.hetzner.de          0.0%  1000   36.6  39.6  35.7  79.3   5.6
 11. hos-tr1.ms-ex3k2.rz13.hetzner.de  0.0%  1000   41.0  39.9  36.3  60.7   4.4
 12. ???                              100.0  1000    0.0   0.0   0.0   0.0   0.0
 13. h2t.preissler.me                  0.0%  1000   35.8  38.2  34.8  57.2   4.3
