HOST: alix                                      Loss%   Snt   Last   Avg  Best  Wrst StDev
  1. fritz.box                                  0.0%  1000    0.8   0.7   0.7   1.4   0.1
  2. 2003:0:1801:c201::1                        0.0%  1000   34.3  28.0  20.8  73.8   6.7
  3. 2003:0:1803:8318::2                        0.0%  1000   38.4  31.9  22.3  80.5   7.5
  4. 2003:0:1306:c000::1                        0.0%  1000   43.0  38.5  27.8 108.8  12.2
  5. 2003:0:1306:c008::2                       91.4%  1000   43.9  35.8  28.7  44.4   6.9
  6. ce-0-4-0-0.r03.frnkge03.de.ce.gin.ntt.net  0.0%  1000   48.8  41.5  33.4  72.0   7.4
  7. core4.hetzner.de                           0.0%  1000   47.2  41.4  33.6  70.9   7.2
  8. core21.hetzner.de                          0.0%  1000   50.3  43.4  35.2  75.3   7.5
  9. juniper3.rz10.hetzner.de                   0.0%  1000   50.5  43.8  35.5  78.6   7.6
 10. hos-tr1.ms-ex3k2.rz13.hetzner.de           0.0%  1000   51.6  44.3  36.2  61.0   7.1
 11. ???                                       100.0  1000    0.0   0.0   0.0   0.0   0.0
 12. h2t.preissler.me                           0.0%  1000   50.5  43.5  35.5  65.8   7.2
