HOST: alix                                      Loss%   Snt   Last   Avg  Best  Wrst StDev
  1. fritz.box                                  0.0%  1000    0.8   0.7   0.7   1.3   0.1
  2. 2003:0:1801:c201::1                        0.0%  1000   21.6  21.2  20.7  28.2   0.5
  3. 2003:0:1803:8318::2                        1.4%  1000   24.1  24.7  22.3  36.1   1.4
  4. 2003:0:1306:c000::1                        3.6%  1000   28.4  30.9  27.6  91.2   8.7
  5. 2003:0:1306:c008::2                       84.0%  1000   29.3  29.2  28.3  33.0   0.6
  6. ce-0-4-0-0.r03.frnkge03.de.ce.gin.ntt.net  3.6%  1000   34.4  34.1  33.4  56.7   1.9
  7. core4.hetzner.de                           3.5%  1000   34.5  34.1  33.5  62.0   1.2
  8. core21.hetzner.de                          3.5%  1000   35.6  35.9  35.2  57.9   1.5
  9. juniper3.rz10.hetzner.de                   3.6%  1000   36.2  37.0  35.4  64.3   2.9
 10. hos-tr1.ms-ex3k2.rz13.hetzner.de           3.6%  1000   41.4  38.2  36.4  58.5   1.8
 11. ???                                       100.0  1000    0.0   0.0   0.0   0.0   0.0
 12. h2t.preissler.me                           3.6%  1000   41.1  37.4  35.6  43.8   1.3
