HOST: alix                                      Loss%   Snt   Last   Avg  Best  Wrst StDev
  1. fritz.box                                  0.0%  1000    0.8   0.7   0.7   1.4   0.1
  2. 2003:0:1801:c201::1                        0.0%  1000   21.3  21.2  20.8  24.1   0.3
  3. 2003:0:1803:8318::2                        0.0%  1000   26.5  24.4  22.0  32.3   1.2
  4. 2003:0:1306:c000::1                        0.0%  1000   28.9  31.9  27.9 105.8  11.4
  5. 2003:0:1306:c008::2                       90.4%  1000   28.8  29.5  28.6  32.6   0.8
  6. ce-0-4-0-0.r03.frnkge03.de.ce.gin.ntt.net  1.1%  1000   56.3  57.0  54.5  97.9   3.5
  7. core4.hetzner.de                           0.8%  1000   57.0  56.4  54.7  78.1   1.0
  8. core21.hetzner.de                          1.1%  1000   57.7  58.3  56.4  81.8   2.0
  9. juniper3.rz10.hetzner.de                   0.9%  1000   59.2  58.8  56.6  85.7   2.6
 10. hos-tr1.ms-ex3k2.rz13.hetzner.de           1.0%  1000   59.3  59.4  57.3  68.0   0.9
 11. ???                                       100.0  1000    0.0   0.0   0.0   0.0   0.0
 12. h2t.preissler.me                           1.2%  1000   58.9  58.6  56.4  65.4   0.7
