HOST: alix                                      Loss%   Snt   Last   Avg  Best  Wrst StDev
  1. fritz.box                                  0.0%  1000    0.9   0.7   0.7   5.0   0.2
  2. 2003:0:1801:c201::1                        0.0%  1000   22.9  21.2  20.7  24.7   0.3
  3. 2003:0:1803:8318::2                        0.9%  1000   26.0  24.5  22.3  33.0   1.3
  4. 2003:0:1306:c000::1                        0.0%  1000   28.6  30.5  27.8  94.9   8.9
  5. 2003:0:1306:c008::2                       90.8%  1000   29.4  29.6  28.8  34.2   1.0
  6. ce-0-4-0-0.r03.frnkge03.de.ce.gin.ntt.net  2.1%  1000   56.4  56.5  53.9  79.3   2.0
  7. core4.hetzner.de                           1.4%  1000   56.3  56.4  53.6  65.3   0.7
  8. core21.hetzner.de                          0.7%  1000   58.3  58.5  56.3  81.7   2.2
  9. juniper3.rz10.hetzner.de                   0.8%  1000   58.4  58.9  55.7  91.3   3.1
 10. hos-tr1.ms-ex3k2.rz13.hetzner.de           1.4%  1000   59.2  59.4  57.5  67.2   0.9
 11. ???                                       100.0  1000    0.0   0.0   0.0   0.0   0.0
 12. h2t.preissler.me                           0.7%  1000   58.9  58.6  56.8  65.6   0.8
