HOST: alix                                      Loss%   Snt   Last   Avg  Best  Wrst StDev
  1. fritz.box                                  0.0%  1000    0.8   0.7   0.7   5.0   0.2
  2. 2003:0:1801:c201::1                        0.0%  1000   21.4  21.2  20.7  23.9   0.4
  3. 2003:0:1801:c218::2                        0.0%  1000   25.2  24.6  22.3  38.5   1.3
  4. 2003:0:1306:c000::1                        0.0%  1000   28.1  31.0  27.8 107.6   9.2
  5. 2003:0:1306:c008::2                       90.1%  1000   29.2  29.1  28.4  31.8   0.5
  6. ce-0-4-0-0.r03.frnkge03.de.ce.gin.ntt.net  0.0%  1000   34.1  34.2  33.3  56.6   2.2
  7. core4.hetzner.de                           0.0%  1000   33.9  34.0  33.6  41.7   0.5
  8. core21.hetzner.de                          0.0%  1000   35.7  35.8  35.2  58.2   1.9
  9. juniper3.rz10.hetzner.de                   0.0%  1000   36.8  41.1  35.8  74.7   4.4
 10. hos-tr1.ms-ex3k2.rz13.hetzner.de           0.0%  1000   40.9  46.6  36.8  80.2   7.6
 11. ???                                       100.0  1000    0.0   0.0   0.0   0.0   0.0
 12. h2t.preissler.me                           0.0%  1000   37.3  44.3  36.0  66.7   6.5
