HOST: alix                                      Loss%   Snt   Last   Avg  Best  Wrst StDev
  1. fritz.box                                  0.0%  1000    0.7   0.7   0.7   2.9   0.1
  2. 2003:0:1801:c201::1                        0.0%  1000   21.4  21.2  20.7  37.8   0.6
  3. 2003:0:1803:8318::2                        0.5%  1000   25.2  24.5  22.3  51.0   1.6
  4. 2003:0:1306:c000::1                        0.0%  1000   28.3  31.2  27.8  93.6  10.2
  5. 2003:0:1306:c008::2                       69.7%  1000   29.4  30.2  28.7  44.8   1.7
  6. ce-0-4-0-0.r03.frnkge03.de.ce.gin.ntt.net  2.2%  1000   56.3  58.1  55.1  84.3   3.4
  7. core4.hetzner.de                           3.0%  1000   56.4  57.5  55.5  77.7   2.2
  8. core21.hetzner.de                          2.1%  1000   58.9  59.7  57.4  90.0   3.3
  9. juniper3.rz10.hetzner.de                   2.2%  1000   59.0  60.0  57.6  95.6   3.7
 10. hos-tr1.ms-ex3k2.rz13.hetzner.de           2.2%  1000   59.7  60.7  58.6  77.4   2.1
 11. ???                                       100.0  1000    0.0   0.0   0.0   0.0   0.0
 12. h2t.preissler.me                           1.6%  1000   58.3  59.6  56.3  73.1   1.9
