HOST: alix                                      Loss%   Snt   Last   Avg  Best  Wrst StDev
  1. fritz.box                                  0.0%  1000    0.7   0.7   0.7   1.3   0.1
  2. 2003:0:1801:c201::1                        0.0%  1000   21.1  21.2  20.7  24.4   0.4
  3. 2003:0:1803:8318::2                        0.0%  1000   24.3  24.6  22.1  31.7   1.3
  4. 2003:0:1306:c000::1                        0.0%  1000   28.4  30.2  27.7 121.5   7.8
  5. 2003:0:1306:c008::2                       88.6%  1000   29.1  29.2  28.4  30.8   0.4
  6. ce-0-4-0-0.r03.frnkge03.de.ce.gin.ntt.net  0.0%  1000   34.3  34.2  33.4  57.2   2.0
  7. core4.hetzner.de                           0.0%  1000   34.2  34.0  33.5  44.0   0.7
  8. core21.hetzner.de                          0.0%  1000   36.0  35.9  35.1  58.1   2.0
  9. juniper3.rz10.hetzner.de                   0.0%  1000   58.4  48.2  36.2  88.7   9.0
 10. hos-tr1.ms-ex3k2.rz13.hetzner.de           0.0%  1000   50.2  59.3  37.6 111.8  14.4
 11. ???                                       100.0  1000    0.0   0.0   0.0   0.0   0.0
 12. h2t.preissler.me                           0.0%  1000   59.8  54.8  36.1  92.2  10.5
