HOST: alix                                      Loss%   Snt   Last   Avg  Best  Wrst StDev
  1. fritz.box                                  0.0%  1000    0.8   0.7   0.7   4.0   0.1
  2. 2003:0:1801:c201::1                        0.0%  1000   21.1  21.2  20.8  34.2   0.5
  3. 2003:0:1803:8318::2                        0.0%  1000   24.0  24.5  22.3  42.3   1.4
  4. 2003:0:1306:c000::1                        0.0%  1000   46.5  31.0  27.8  97.8   9.6
  5. 2003:0:1306:c008::2                       89.1%  1000   29.1  29.2  28.4  30.9   0.5
  6. ce-0-4-0-0.r03.frnkge03.de.ce.gin.ntt.net  0.0%  1000   33.9  34.2  33.4  56.6   2.2
  7. core4.hetzner.de                           0.0%  1000   34.5  34.0  33.5  42.0   0.5
  8. core21.hetzner.de                          0.0%  1000   35.8  35.9  35.2  59.4   1.8
  9. juniper3.rz10.hetzner.de                   0.0%  1000   36.6  36.7  35.6  66.9   3.4
 10. hos-tr1.ms-ex3k2.rz13.hetzner.de           0.0%  1000   36.8  37.1  36.3  48.1   0.9
 11. ???                                       100.0  1000    0.0   0.0   0.0   0.0   0.0
 12. h2t.preissler.me                           0.0%  1000   36.7  36.1  35.5  39.3   0.4
